5
1
11
9
2
4
12
13
7
8
3
14
16
18
0 1 100
0 1 101
0 1 102
0 1 103
0 1 104
0 1 105
0 1 106
0 1 107
0 1 108
0 1 109
0 1 110
0 1 111
0 1 112
0 1 113
0 1 114
0 1 115
0 1 116
0 1 117
0 1 118
0 1 119
0 1 120
0 1 121
0 1 122
0 2 123
0 3 124
0 4 125
0 5 32
0 6 34
0 7 40
0 8 41
0 9 46
0 10 60
0 11 61
0 1 65
0 1 66
0 1 67
0 1 68
0 1 69
0 1 70
0 1 71
0 1 72
0 1 73
0 1 74
0 1 75
0 1 76
0 1 77
0 1 78
0 1 79
0 1 80
0 1 81
0 1 82
0 1 83
0 1 84
0 1 85
0 1 86
0 1 87
0 1 88
0 1 89
0 5 9
0 1 90
0 12 91
0 6 92
0 13 93
0 1 97
0 1 98
0 1 99
1 1 100
1 1 101
1 1 102
1 1 103
1 1 104
1 1 105
1 1 106
1 1 107
1 1 108
1 1 109
1 1 110
1 1 111
1 1 112
1 1 113
1 1 114
1 1 115
1 1 116
1 1 117
1 1 118
1 1 119
1 1 120
1 1 121
1 1 122
1 1 48
1 1 49
1 1 50
1 1 51
1 1 52
1 1 53
1 1 54
1 1 55
1 1 56
1 1 57
1 1 65
1 1 66
1 1 67
1 1 68
1 1 69
1 1 70
1 1 71
1 1 72
1 1 73
1 1 74
1 1 75
1 1 76
1 1 77
1 1 78
1 1 79
1 1 80
1 1 81
1 1 82
1 1 83
1 1 84
1 1 85
1 1 86
1 1 87
1 1 88
1 1 89
1 1 90
1 1 97
1 1 98
1 1 99
5 5 32
5 5 9
6 6 100
6 6 101
6 6 102
6 6 103
6 6 104
6 6 105
6 6 106
6 6 107
6 6 108
6 6 109
6 6 110
6 6 111
6 6 112
6 6 113
6 6 114
6 6 115
6 6 116
6 6 117
6 6 118
6 6 119
6 6 120
6 6 121
6 6 122
6 6 123
6 6 124
6 6 125
6 6 126
6 6 32
6 6 33
6 14 34
6 6 35
6 6 36
6 6 37
6 6 38
6 6 39
6 6 40
6 6 41
6 6 42
6 6 43
6 6 44
6 6 45
6 6 46
6 6 47
6 6 48
6 6 49
6 6 50
6 6 51
6 6 52
6 6 53
6 6 54
6 6 55
6 6 56
6 6 57
6 6 58
6 6 59
6 6 60
6 6 61
6 6 62
6 6 63
6 6 64
6 6 65
6 6 66
6 6 67
6 6 68
6 6 69
6 6 70
6 6 71
6 6 72
6 6 73
6 6 74
6 6 75
6 6 76
6 6 77
6 6 78
6 6 79
6 6 80
6 6 81
6 6 82
6 6 83
6 6 84
6 6 85
6 6 86
6 6 87
6 6 88
6 6 89
6 6 90
6 6 91
6 14 92
6 6 93
6 6 94
6 6 95
6 6 96
6 6 97
6 6 98
6 6 99
7 15 46
10 10 100
10 10 101
10 10 102
10 10 103
10 10 104
10 10 105
10 10 106
10 10 107
10 10 108
10 10 109
10 10 110
10 10 111
10 10 112
10 10 113
10 10 114
10 10 115
10 10 116
10 10 117
10 10 118
10 10 119
10 10 120
10 10 121
10 10 122
10 10 123
10 10 124
10 10 125
10 10 126
10 10 32
10 10 33
10 10 34
10 10 35
10 10 36
10 10 37
10 10 38
10 10 39
10 10 40
10 10 41
10 10 42
10 10 43
10 10 44
10 10 45
10 10 46
10 10 47
10 10 48
10 10 49
10 10 50
10 10 51
10 10 52
10 10 53
10 10 54
10 10 55
10 10 56
10 10 57
10 10 58
10 10 59
10 10 60
10 10 61
10 16 62
10 10 63
10 10 64
10 10 65
10 10 66
10 10 67
10 10 68
10 10 69
10 10 70
10 10 71
10 10 72
10 10 73
10 10 74
10 10 75
10 10 76
10 10 77
10 10 78
10 10 79
10 10 80
10 10 81
10 10 82
10 10 83
10 10 84
10 10 85
10 10 86
10 10 87
10 10 88
10 10 89
10 10 90
10 10 91
10 10 92
10 10 93
10 10 94
10 10 95
10 10 96
10 10 97
10 10 98
10 10 99
15 15 100
15 15 101
15 15 102
15 15 103
15 15 104
15 15 105
15 15 106
15 15 107
15 15 108
15 15 109
15 15 110
15 15 111
15 15 112
15 15 113
15 15 114
15 15 115
15 15 116
15 15 117
15 15 118
15 15 119
15 15 120
15 15 121
15 15 122
15 15 123
15 15 124
15 15 125
15 15 126
15 15 32
15 15 33
15 15 34
15 15 35
15 15 36
15 15 37
15 15 38
15 15 39
15 15 40
15 15 41
15 15 42
15 15 43
15 15 44
15 15 45
15 17 46
15 15 47
15 15 48
15 15 49
15 15 50
15 15 51
15 15 52
15 15 53
15 15 54
15 15 55
15 15 56
15 15 57
15 15 58
15 15 59
15 15 60
15 15 61
15 15 62
15 15 63
15 15 64
15 15 65
15 15 66
15 15 67
15 15 68
15 15 69
15 15 70
15 15 71
15 15 72
15 15 73
15 15 74
15 15 75
15 15 76
15 15 77
15 15 78
15 15 79
15 15 80
15 15 81
15 15 82
15 15 83
15 15 84
15 15 85
15 15 86
15 15 87
15 15 88
15 15 89
15 15 90
15 15 91
15 15 92
15 15 93
15 15 94
15 15 95
15 15 96
15 15 97
15 15 98
15 15 99
16 10 100
16 10 101
16 10 102
16 10 103
16 10 104
16 10 105
16 10 106
16 10 107
16 10 108
16 10 109
16 10 110
16 10 111
16 10 112
16 10 113
16 10 114
16 10 115
16 10 116
16 10 117
16 10 118
16 10 119
16 10 120
16 10 121
16 10 122
16 10 123
16 10 124
16 10 125
16 10 126
16 10 32
16 10 33
16 10 34
16 10 35
16 10 36
16 10 37
16 10 38
16 10 39
16 10 40
16 10 41
16 10 42
16 10 43
16 10 44
16 10 45
16 10 46
16 10 47
16 10 48
16 10 49
16 10 50
16 10 51
16 10 52
16 10 53
16 10 54
16 10 55
16 10 56
16 10 57
16 10 58
16 10 59
16 10 60
16 10 61
16 16 62
16 10 63
16 10 64
16 10 65
16 10 66
16 10 67
16 10 68
16 10 69
16 10 70
16 10 71
16 10 72
16 10 73
16 10 74
16 10 75
16 10 76
16 10 77
16 10 78
16 10 79
16 10 80
16 10 81
16 10 82
16 10 83
16 10 84
16 10 85
16 10 86
16 10 87
16 10 88
16 10 89
16 10 90
16 10 91
16 10 92
16 10 93
16 10 94
16 10 95
16 10 96
16 10 97
16 10 98
16 10 99
17 15 100
17 15 101
17 15 102
17 15 103
17 15 104
17 15 105
17 15 106
17 15 107
17 15 108
17 15 109
17 15 110
17 15 111
17 15 112
17 15 113
17 15 114
17 15 115
17 15 116
17 15 117
17 15 118
17 15 119
17 15 120
17 15 121
17 15 122
17 15 123
17 15 124
17 15 125
17 15 126
17 15 32
17 15 33
17 15 34
17 15 35
17 15 36
17 15 37
17 15 38
17 15 39
17 15 40
17 18 41
17 15 42
17 15 43
17 15 44
17 15 45
17 17 46
17 15 47
17 15 48
17 15 49
17 15 50
17 15 51
17 15 52
17 15 53
17 15 54
17 15 55
17 15 56
17 15 57
17 15 58
17 15 59
17 15 60
17 15 61
17 15 62
17 15 63
17 15 64
17 15 65
17 15 66
17 15 67
17 15 68
17 15 69
17 15 70
17 15 71
17 15 72
17 15 73
17 15 74
17 15 75
17 15 76
17 15 77
17 15 78
17 15 79
17 15 80
17 15 81
17 15 82
17 15 83
17 15 84
17 15 85
17 15 86
17 15 87
17 15 88
17 15 89
17 15 90
17 15 91
17 15 92
17 15 93
17 15 94
17 15 95
17 15 96
17 15 97
17 15 98
17 15 99
18 15 100
18 15 101
18 15 102
18 15 103
18 15 104
18 15 105
18 15 106
18 15 107
18 15 108
18 15 109
18 15 110
18 15 111
18 15 112
18 15 113
18 15 114
18 15 115
18 15 116
18 15 117
18 15 118
18 15 119
18 15 120
18 15 121
18 15 122
18 15 123
18 15 124
18 15 125
18 15 126
18 15 32
18 15 33
18 15 34
18 15 35
18 15 36
18 15 37
18 15 38
18 15 39
18 15 40
18 15 41
18 15 42
18 15 43
18 15 44
18 15 45
18 17 46
18 15 47
18 15 48
18 15 49
18 15 50
18 15 51
18 15 52
18 15 53
18 15 54
18 15 55
18 15 56
18 15 57
18 15 58
18 15 59
18 15 60
18 15 61
18 15 62
18 15 63
18 15 64
18 15 65
18 15 66
18 15 67
18 15 68
18 15 69
18 15 70
18 15 71
18 15 72
18 15 73
18 15 74
18 15 75
18 15 76
18 15 77
18 15 78
18 15 79
18 15 80
18 15 81
18 15 82
18 15 83
18 15 84
18 15 85
18 15 86
18 15 87
18 15 88
18 15 89
18 15 90
18 15 91
18 15 92
18 15 93
18 15 94
18 15 95
18 15 96
18 15 97
18 15 98
18 15 99
