 262.0395560140942 736.3481774513169 4911.00821076013 
 4319 
 2817.080707485189 9645 479 8916.330808471334 4894 3226   
 9489 8114.420011165633 4891.332909108895 463.8244933346869 520 8332.7611337689   5923 4500.224081518164 1226.7895605411961 7960.041209262765 6889.725685776649 
  5937.533640898545 9306 5685.862578972278 
 
 4257.811332421564 9226 9445.219255927197 8437.292995646802 4117.477452034162  3471.401763820804 3856.260739903373 1817.078379053908 3383 
 4987.237288965514 
 	    	  7327    
 5602.655302908397 6375 9977.082402536676 6339.842707153999 1741 9929 
 	   9329 3489  7947.234114696077   7626.881662058588 7714 3389 5208.253082858555 	 7897.410759588253 1984 6936 8914.988022582374 824.9864096818304 2928 92.1797964058435 5233 1918 
 	  319.51056013090226 4989.568267422261 7911.6059168172 4638.853017976315 118.17877170261282 3005   7462.721661528607 	   9258 1598.7558668207346   7138  
 4767 	  5624 8173 7929 
  609.4466192461556 1756.84882514898 2845 8122 6526 1503 	 9437     4037 1998 1910 9304 856 	 1338.7816855037781 1108.9165311245285 4792 525.2527594527922  3576.835857229876 5124.851141673855 9416.84307079711 2421.942673961346 	   3704.233439812582  294.53017203096346 952 1979 6159 8102 212.16916724616007 660.4459007019259 1296.2521403807848 511.2377898193676 8115 	 	 4135.494251452597 
    
 2156 1946 6988.370507911822 8409 6394 5659 	 3188 
 8502.151153950015 	  1357.8658730856484 6102    1692 1396 3509.48995993968 1417  1855.049165471645 	 6546 8303.33175058565 1145.6245623400373 1358 3801 8039 4203.080590060996   4515   
   5008.82251815902 1191 	 6318   8035.326154686561   8046 2726 3471  1481.1709268032414 	 7797.473340747729 
  7369 6851.892450542239 
 
   774.8466255612108 	 
 	 1718.6335559495635 9070.72374138119   
 	 9360 8957 
 5351 4866 2107 
  6941.67815630857 6713 3041.589043797891 6806 3796.5243624802924 
 3296 6243 1753 8404.855784253234 8933.782257380983 	 
 
 
   9490.11285673756 9536.442486171236 7038.3997901938965 5991.319109044575 
 6197.9211838447845 684.3707785812403   	  8923.668211156917 751 773.009093223902 9091 	 2630.909396373333 4946 3237.7383884041365 2405.899368045795 3319.398662733728 1676   3590 5848 9422.807338876075  6736.831914316172 7939.2251493497215 7292.3277048797245  
 9041.759986657902 7630.006271374372  
 4895 5498 4183.858937634391     4267.166014774371 
     9225 17 8152.346356781638 1233 1590.172978638129 9357.56242841706 9623 8232.203128255911  7655.355411597966 3186 5973.650636886725 
 9925 6889  8188.855117266177 8552   6712 3207 6891.516070466015 4048.747646822831 2457.215719408523 7621.257215954712 
  181 4796 	 4818 8316.219257928276 1512 8858 9731 9264.083431295176 2245.485997925625 7018 8572 4172.242702411841  3790.745966164558 3440.243115381643 2473.008869164365 7371.630582127061 2677.83060228759 6153.675935460091 	 7365.41695217166 1134 3904.8123007528666 
 55 8066.818426684909 2263.961190285796 5034 4214.447391945292    5743.80162426712 9561.604709062618 979 2838 8346 	 5028.897058968327  6343.013828511681 	 2687.743276114286 8303 1417 6295.8109699567085 7025 5290.612821167068 3878   
 8863 8478 2287.4015483460776 1647 	 9237.973140084941 8484 2019.9751212145356  	 	 8944 
 3606.9756332124994 9215.208250476016 3522.5303778703055 7113 302.75165800311754 3802.1917903978497 8010.763278516258 1417 2739  3018.628492079628   3908 2684.940171993843   4972 3473.7239230374507 
 4382 
 3738 8522   1404 9431.083219236647 	 8819 
 5681  2657 1728.7746902786582 	 6461.871520908598 1835 8184 	 8511 4976 4885 
 9341.524849161277 	 119 
 8743.213476187173 
 3855.6452108869034 5449   7799.012279911604 3444 1369.9872462874553  3516 3416.9591647766583 9687 	 
 2421.07371858151 	 
 1935.9720085059384 5917.096667018868 	 
  	 5950.37873020836 9110.890024100061 929 	 5123 6157.993599087868 1518.668385889712     112 	 6026 2692.621814788654 7077.858300888151 1641 5800 
 49.27036869321388 47 1423 2051   1273.1310870701252 3716 5825.161930114742 7925 5834.177319703895 2824.5543095178828 4836  5868.120054524113 	   5909.719460522195 
 6474 3894 9525.611175685914   3033.1916143982785  4252.606384062079   2249 2603 6082.4797640384795 4518.794671803221   	  5420.608569683045 1598 9538.872041298911 	 5758 2771 
    
 5510 5631.783744364722 	    9209 1524   6792 1343 8130.798732971354 
 4720.825240264331 1215.1661636632393 9020 2570.372013739859 5278.3049210543795 7878.145163249869 2272 1776.1219616600265   935 1097.9201200139066 5001 	 827  7341.027422672819 7131.72699048724 7940   6538   9812  8906 3709  810 2336.2267316567254  4781.347730039734 6695 	 
 8426.971932893326 4410 5427       	 7790.935580895909 358 666 2742 2426 9176 4822.8206063474645   9206 6038.24278100727 2145 4876.751740687646 101 445.9457036406711 
 2069 2050.5412156345815 868 2590.474758872009  5981.496310463931 2637.0858111976668 9024.466479649891 312.0056986980857 	  	 5839 4650 	 8661 	 8289 
   4514.514939191547 4229 5546.866785668544 
 8061.124416044043 3386 1473 1272 
 629 3287.5599150960334 7870.836260070623 4362    	  7037.750787435169 	   4780.88870858888 3742.9359923227566 	 6394.719282159362 6958 1665 8896.061790716549 
 8024 
 692.1036663565039 
 
 3399.548258732383 9080.47285236133 4626  8193.839550876308 6983.153249006398  1087 3065 
 
 	 9171 	  2528.916052005372    239.90975166269246 
 1603 
  7983 2231.631388060761 6730  9677 	 7118.357915031159  	 9427 7492 2361.7146884786953 730.1208256862668 5394.912997347533  7412 3769.8311989747026   7593 2777.5385062334713 	 1873.0363662001803 4701 
 
     
 9640.74589829121 2951.0455912045254  
 8606 910.99096034024 2535.682471038725 7458.855666054287 9012.188781272296 2973.527788348912 	  4145.984410012804 	 311.7911826839492 9682  6018.7131067550345 2544 5600.662465160758 5783 5893.01456392717 	 3219.648419428427 8657.560308395021  5094   6070.48461937711 876 7344.815784824914 111.12307915863484 
  5350 	 6042 	 150 6809.163105666141 505.6697160302437 1274 1816  6965.800740299992 7153 
 	   1490.7964599584168 2227 3240.945863088158 
   2473 5469 2765  6962.060027164928 6749 
 
 1418 6610 224.57103683473423 	 3101 4512.801075817999   1916 9024   8982 
 9924.374054300582 4312 7070   3637 	 6488 7238 
 2222.9510980380173  
  2085.21589321262   1771.4019910367506   5079.035809994804 3548 7025 2915.2672718521644 9373.000271095983 9718.561930479784 	 9702  
  4645.940324599661 6259.987521234516 2815 
 3352.3279806803885 9434 2545 2848.2389765504245   3218 9513.113919764744 3010 9221 3560.3401221878626 
 4311.359185820163 6968 	 5473.712600491041 8750   
 1701.3154630447036 9851 8020 2085 
 9053.543793753997 8257 
 8970 
 8917.581824523104 1026 5435.926443607295 	 927.7613027699372 2268.605915861278   1386 1436 3003.173087441751 6587 8264.49522492318 2285 1665.9585175443392 	 6005.489392829691   3019.8502573365595 4202.165037482601 5166.513483325931   7606.760717380809 	 4483.792168445546 5545.380746156753 2826    9597 8230.212505371344 
 9639 4899.110998254149 9148.69797431192 4608.621854644906 
 7386 	 7815.673386791402 7105.327321131392 4963  	 	 8786 812.1669981236257 8621.048528566964 
 5184  9946.098074527621 6217.458650670944 8814.319701708884 
 4288.511207164919 	 2531 3870 1690 
 6832 8284.66152716528 5326 1981.5993182444158 7158 	 686.8203748185553 1430.48797282479 1527.6805182880437 5854.582479966257 7642.986863358487 
    1393 4310.996269649266   6360 4940.940962582635 4835.644091641518 9903 6681 9100 2645.9041110237604   1931.8389845526983 2633.3173103904082 3457.2258100534823 589.8131048883292 3986 9941  7688 8542 	 
 3874  9879.233238616922  7885   4817.767968120756 7372.2374328469905 2077 1646 3928.806651986363 305.80341103094713 882.9880177176997 2914.403714283956 2562 5418 1181.1352411709074   2662.531216517965   
 7331.9620123176865 	 1065.9527750761433 
 4257 4495 4283.82068548206 5741 4453.795087660454 	   5182.812692730799 5405 6040.098203126677 5467 	 4319 4353.185291169556 8585.949000203986  5743 6407.915582755757 	 8330.564775810617 2054.1706334584064 7946 5220 8132.388733238132    2700.3308462206555 8616.885307761251 5236.343818638214 660.1779169326571 9512 3335.3351088774975 3695.0172000187076 1080.6992557782069 2056 4606 1776.262684159784 3571.0105441823434 8945 6151 
 8973.853983968893 8028 939 
 551 6739.251391792525 685 
 2938.724784913873 
 4020  5679  5912   5897   	 	 8029 2051.511789013013 2547.5423021758115 
 2058 4741.511911432903 5332 5726.73299385588 2815.2640258952233 5413.431266804421 5506.65617647729 6841.698766673032 4838 
 9274.63816809447 9692.106881726308 7016.3000474389255 943 5355 4938 	 3175 9138 7154.546117164648 8058 	 4558   5204.642869595257 5402.959181938345 	 7223.401130009035 3304 4091 7435.640710280459 3631.025036964617 8329  5965 
 9153.303770220404  	   7073.019654907139 1119 1545.2943626749582 5485.171737374381 5447.74102142947 	 9363.563342148203 1714 9408 6938  4180 599.8888331247598 
 9611.872783019631    
 95.97743201973374   5308.772278687632 9278.0150861871 
 7887 9181 9197 5965.207957833313 8510.023980301798 1787.3647186951268 2896  6926.477436881685 8809.344995912285 
  	 4473 9781.96862400874 4220.085855534794 5242.552178504469 4744.69184072011 5790.944495514125 7428.867628776178    8374 	 6191 1708.6858532659764 8490 3822.2071894795363 1674 	 8069 2692.7533900571298 4560.545243588149 1953 3852.0947323163814  8596 5109.41681173365 
 
 	 3877.6159127019073 2200.340695684124  	  5431 4491 
  9177.102949164118 	 6487 
 9217 3471.4655090507717 4159 3058 
 6829.698146758389  1637 5998.690690090549 9681.531582040789 3734.5917389214355   3979.6420370573237 5656 5273.594821301019 7843.780467276968 7146.0365743158945   2191 2564.2783976474825 
 9739.262569983774 
  5545.076208146632 2029.5857863628519 6113.374661869559 
 8080 4828 
 	 8027.450060576305 6019.341938117394 4803 7180.0683697549075 9550.51320464461 6820.602689502154   	 8065.941279209155 5433   9262.36427100726    8438.244130559668 9354.867035932271 6898 
  5017.004793482335 
 	 4948 7627.174129538244 4123 6329.546825314544 	 7086 8384.357098922079 	 175.5980377007904 1080.2908845422821 329.68529726303484 	 
 8366 8513.431023744763 	 7638 1873 1663   7361   	 1111 	 4398.563038818143  
 439 2569.7611526520727 3388.521389967596 2296 
 8080   3525.5670544377226 
 8962.350764632385 7990.440329513857 1073.638884842808 5125  489 2441 1142 4371 3261.6846988630286 744  2277 8826.532053648147 
 7318.4324415062365 3152  6272.043817365937 
 6937 	 2410.8538886925144 8428.93126804119 
   
 9225.90564221133   1204.847841304929 8468.810012229877 9698 	   4908.1254505336765 4363 161.4581605510701 305 8422.685425483693 6493 3388   7762 1730.964322336691   3112.2667719174656 3959.2545705533175 1704.5206377487398 1053 9611.55313639267  4619 3913.5696496361093 1669 3196.732741272932 2285  3790.025716378852 6585.589753493023 7482 3071 3780     	 7297 8581 2195.897649761486 5359 
 9922.670325626766 2331 
   	 5195 6866.863720072738 1231.3202393595757 6823 8634 3515 3817.6961793333685 
 1402.6563540680982       5465.315882409779 5022.904068875329 
 4497.253103793909 8003.130785155718 5679 442.119884528015 3386.183885712578 9652.479878979893 
 9306 4623.005286074677 4943.163315732336 4356.9285045400875 
 	 8828.247355053436 
 
 2567.155057979975 5091 1848 1006.1972663398666 
   5690.126906104285 2522     7130.629637798036 1772 4830.638700889166   1598 
    7602 3624  
 7768.600410007166 5250 3150.0110054488773  9353   6701.363913382703 
 
 761 2419 6527 4616 
 9470 
 1020.6753658192713     2906 	  8806.567250623113   	 323.7311327493453 3689.771398390986    2403.4054446431587 1560 
 1489    1885 
 5004.947717631982 	 6737.989754483071 4593.758037288217 2420.6095917257053 8517 8153 9770.038536797352 817.4877101784506   811  1421.9677082033445 1888 5696.282013484935 8285.994506087723 2047 3926.1264878316106 3864.114626174754 3796.2579703445876 380 3885.6125991809377   8608 4493 2965  	 461.1827385591072 6544 539 5142 
 9917 9796 	 	    	 355.7598217316105 4395.119579371008 	    4507 	 2680.1546538266284 71.08580584325064 9903 5652.013481249535 6241.5707712621315 8881 1624.4318536427627 7724 9737 	  7122.286837866124 	 8360 7437 2461.6593833557454 6996.814219932823 4113.289864543578 3166 5684 5384.277955233373 830.6728566913102  4903  1680 	 7984 4484 1434.0986932196197 
   1323 8841.308605991917 9377 
 5133 7395 6053   1324.9721943849524 4126.498870695255 3277 5560.208993344036 9465 2738  4645.2007479761405 6329.941831062598 1239 8742 2569.380984576126 3657.01919369097 	 
 7092.897672268254 5944.814107782878 1639.401599984408 8719.424547147592 2262.9129450677087 337 9989.707264377845 5861 	 1704 8122   5076 	 5871.490845637406 2208.113384889593 2320.2760175548397 9628.9417227388 4192.685267052524 9457.359015221573 8084.576801549644 5266 7437.871509421356 6135.436731791275 2257.9744439456795 	 1992.0394433304157 5277.241675536228 8010.306060149839   9109     8299.709435531779 	 8640 375 308 1456.6180039479038 8081.3640284234725    4294.6176725306 3782 4889.808044946028 938 4241.938319298411 7473 	 3185.977736065414 890 1651.126288849526    9426.951228376973 
 3960 5987 2951  7301 4350.592653628833 2359.4313925826204   	 5895 5882.322798677108 8499 	 1058.251272061933 2789.4950075529946 3281   6124 4717.507040261423 	 4957 6945  1816.939308423302 7924 2396 8058.620265390318 1065 5969 4613.44367797388   1738.247959360303 3323 8636.8100982977   2936.942862178085 8976 
  293.43491520329667 7116    	   6140.746762186501 2061 7187   	   	 1096 4547 5471.23044663748 	 	 9026 4284.067073160475 649 3384 	 	  574.5267827516387  
 345.4697192311684   2230.952984529634   9591.070197677936 7769   
 	 	 2656.078399373718 2942.62811952297 4760.328128028788 
   2851 	 9317 9173.52368648753 7751 623 2088 5669.6626512139355 860.0336436232792 4810.566490605948 	 817.2344146585652 4202.513636160291 3882 8988 3364.631422630724 738 340 648.2290306075067 7242.158779363877 8509 2836.921234376766 7252.242923391598 6478 
 3949.6006387466377 358.4849569806503 5211 3090.957098420001 	 4520 7797 9822.01620003249 1580.0695881044126 8784 
   
 	 4296.517918094132 1395.5410570665206 5145  3055.3616545086993 
 8475 3015   8314 7127 	 2030 	     1632.9728425494773 6377.343304559077 2366.484409693546 	 6087 3239 8782    4652 5035 3046.464863277305     2794.790056782148 2951    3703 
 7588 4395 7163.465550225383   7519.411348942655 5939  9742.346126893357   2809.9154933283467 
 
 2494.4759107948967 4327.764668147308 6621.964937092229 4835 2335.8383721559385 4285.554618288856 8725.124517426277 6708.68242424845 5679.458872651626 	 8212 5745.671091865616 9004 7595.462881114448 	  7906 	 
 	 
  7306.002929985737  8727  4422.9811348830235   8334.392498395333 2154 7533 
  5244.472993101635 6928 	 42.3531305934044  5572.536377995909  
  
 2327 7794   4539    3488.8475791843807 	 
 4406.874143089514 
 9164 558 
 8500.899444637475 2383.077987558615 4606.401528242884 3505    3833.867729997267 5804 310.7455189945496 2124 6223.995961402921 8448.584646065774   5484 
 311.268078658673 1535.035537744731 967 4120 
 8868.972449178771 8194.231437669187 3585.3036806743253 8491 3808.0150729269258  
 
 3547 	  479 2952 9651 	 	 9420 3289.619881908988 958 	 9788 2522 5629.750369551781 4195 2705 5752.789072918131 8478 
 3085    7443.646349952647 6970.231535694712 
 9274 2826 	  
 56.1440336349317   2538    8323   3279.513387357986 5191.708251684257   486.2975848249762 
 5969.65395059861 7114.7256433205475 3937  2866 
 	 1188   8894 6946.725108824951 4906  1819.12623255441 6235.523900000014 
  9365 1592.1124664350339 	 4357.59455815246 	 7393.1946591463875 8355.242017296467 	 3195.095007863814 	 533 	 9843.400223436722 9098 4336.008580887507 7534 1798 7993.399827916551  
  724.902350404838 9461.638235043867 
   488.28466629936673 6033 7256 8018 714 9353.299936833077  	 3135 3951.5345986556017 
 7376 6517.5492715038745 6344.707316099967 764.7612392591741 
 	  2157.3366445534693  8913   452.59141580465734   8130.48349764406 4507    5479.443647843687 4482 9604 8026.649799634397 5114 4020 5508.944035222206  5319.388724565035 7650.819094369234 3618 3881  8408 9736 	 3855   	 	 	 2459.316447682355 3632 4737.215442509816   3944 192 8803 8087 
 789 8388 6795 5048   7719.58637879672 
 242 7375.6057069127655 951.0439577968921 5498.10020114654 	 2509.6843092444365 5540 	 8725 3519.3744930386074   7228.878334533434 9657 	 3914 6842.0538055983 
 5108 3363  5400.132664660312 2229.9311080370576 7238 8729 8030.666163107787 1479.715662535911 8832 	 6376   7711.912131553866 835.8203544121201 1787 4107.03588628602 9734.768914908214 8936   2655.2601666774476 3733 6288  4139.580963039298 7217 4061 9241   2740 7641 627 7403.722312676252 4930.299247530908 	 2676 	 731  1501 4925 2457.008610470567 9948.498725206095 8517 	 498.60103807927715  
 5758 336.2509265722835 7022.722909161663 
 4308.533148333053 	  5141 8424.360969707017  	   6292 5752.559260301654 387.67948670213383   81 4503 3634 9371 9273.004150064487 7656 6205.077135216968 
 	 	 	 6383.566586607135 3696     	    6926 
 1822 3529 7603.663897955325 	 
 8952.795767938578 2591.7459916193097 6545 6621.172958066928 3930.513379238435 8770.051372507016 2379.32223614145 178 2641 4488 9820 3915 1431.373010381236 
 4856.981125265967 4186 6519.9265435282305 9922.802742112572 1562.4912562891213 6904 9873 7731.863798649304 7806.963450664402 199 2901.7430570945703 5573 8663 8897.09320308618 3352 	 3900 7407 6205.92124939936 6519.399083106704 2260.656403143059    	 8548.531094368582 4873.810502850887 4876 739 
 9427.639777105209 2230.204728851455 7202.930416469712 1570.4489038560455  4816.621736452026 2901.1185859934553 1551 
 6790 9183.015653104612 1215 6191 
 5051  
  1745 4089.9565847077015 2413 6820     	 2424 3384.730715088832 
 6808 7103.538158052947 7497.486547581379 7112  7309.404569364114 9841.847759553923  
 9886 	 6731 5043 	  4833  8462 2498 1652.6451707593437 8472 1763.1821377325473   3407    4526 	  	 5196.135594515478 2624.7792507277 5475.313627342071 	 7665.585977953978 2243 181.15047901018033 8699.983024610481 8046.102525908295 5619 
 4979 7488 3370 6758 
 8311.834258434832 8458 
   2580.027867133914 9090 
 5066.08918835756 1589 6778  2628.5529016861287   	 8366  5292  4840.832975489089 	 3369.0942810090983 1399.6061998468113 6925.813207614186    
 7812   7389 1603 4311.8751780808525 8709  4245   7434.302236119763   7467  7442.103906652068 5956 4650   9049.632808201593 	 
 1097    3122.173494574445   2843 3357 7138 5492.259184203099 	 8215.341498724989 5268 9345.65366798163 
 9919.93723793576 
 7312.606027122361 1619.862051838038  2168   2066 6662.1542919187 5088 
 5600 
 7852 1335.1337253689833 7880.998200606315 6492   4569 4517 9080 6581 353.8931256614719 	 2434.350417435689 2241 1094.6139861264137 
 1121 6373 
   	 3628.570961349277    4469 1283  8611.24581129637 3232.593161080648 4234.938901206534 4301 431 3988   1357   
 1256  970.2093366755793 9327.146616719496 8783.128216446696 	 38.11520502823185 8977.87100618699 
 9947.549234053788   4182 5506 3265.323295644702 8014.440158394298 6855.538563466652   
 9784.976208002103 9444.778476295129 7525 9391 1167.894407551403 	   
 461.8336071485485 9164 	 	 22.748835766857045 277.21438871861625     8926.459400911188 5488 9289 4769 	 
 5729 
 9789   3050  4173 4967 3873.7358626286655 8631  8605 2418.6536668879844 1412 8329 3009.8586150088545 2807.3075404557426 1900 1836 1584   	 7473 1755 	   5444 	 5362.057422760907 5803.588357186467 	 3398   6873.872943672414 9937 1775.7296285002599 4592.37778141969 6106 4031.082348098165  5016 7974.019343318945 5292.211924296399 	 8433 5003.492780389681 2663.2415218715146 6446.654520012344   6198 	 
   	 5370.064856891001 
 2969.1854828045193 7429.437777256331 7513 7823 8088 6640.74720250157 443 1517 505.07701429761244 3177 	 9987 526 2529.3243014571585 7983.12688392241 9381.893765764264 3608.7576034589165 2553 	 
 7271 7427  	 8416.384762331534 3052.115592285318   	 
 7855 7379 2638.578176964722 6432.057492374569 7318     1761.069336607397 1309.0948436145677 742.2481730932351   7322.2428704990425 
 1226.2646653691268 9242  7384 1737 3618.3001403098 	 5813    608.0069357054507 2409 2625 2672.672114123189 2329 4511 5772 8911   4318.127451887819 	   3918.439407243742   8157.245526521146   	 4437 
 
 3661 1519.683234753345 8063.5885818976585 8359.088830203404 8904.643128436912 	 3244  3453.97316999274 7977 2342 4373.364196721879 6396.345986758391 3377.0219085841723   
 3835 8585.18461088291 6386.736009198847 9692.518163712602 2550.513095916063    822.6570479357375  442 	 217 7966 
 	 1492   	 8564.340010524618 1582 
 2605.810763336578 3244 
 
 3090.4337216256386 	 2644.4494531220475 9936.143439793492 3887.5434513488494 2966  
 4799.901152038882 2817 3975.2487979256202 3040.988875333509 2938 
 7016.822451104856 2396.881999058298 	 
 9895 	 	 1504.693406083749 1495.896813487181 977 7203 2802  	 7548  2525.3234832055773 2122 348 6815.348191519273 1962 1194.8691910992327 1089.656068188204 	 7231.8603784130955        9720.20788525788 	 3368 6167.879855646379 	 3178 1177 	 5279 201 1208 3788 9740   5927 6525    6144.93465313767 9561.504366691763 8492 3271 9628.264822532674 8759.178507385639 
 586 9333 4321 4933 1010.2992489610863 3285.9764737657815 1936 7173  2460 5354.231017000852 4007.730978864814 4531.576816943868 8998.915156997668 6682   8316   5783 7015.609403820705 2381.0971917822544  9417 
 3937.923315221147 2280 9656 
 1642.6237122409548 6091 	 2797 9471.164248408753 
   4985 444.08465397111627  	 6174.780605082241 9773 3831.2794707992625 5467 2836  9126.332120576339 2989 1433.0849383195632 1476.3424537298708 7384 3215 3014 9286 958 5299    	 7030.452066010963 9497 8731.994074128304 8298.836763821877  	   9857.11522177188 4881.256515194309  3509.8852981775285  	  967 	 
 3022.8171690538406 9710 5199 802.1034739815902 29 2889.8910657646825 1276 1801 8895.914963502653 9346 3911.261157850986 8367 	 8182 2696.1490932084207 5411 4357.963341132886 435 7248 4513 7128.333174299008 	 
  3256.2338601232555 	 3362.645284587611 2288 6713 6664.788643727549 3582.284836377422 	 8616 
 
  7627.562071413453 5210.739359461819 
   3299.0110072694547 1452.9462854406406 
 7123 9179.702725237881 3846.105305679135 9528.871285562465 320.84291188346435 4063.9249451879987  7149.286478986079 1321.8882046048052 1925.7438956640049   1381.268661571564 2855  4506 9926 7884 4040.1324009609816 7745.573542641377 
 
 	 8401.406112685689   	 	   	 7968 4789 5857.644764452032   
 1068 4112.952179520543 5496 8277 2234.265430418303 
 1697 	 3230 1469.095978731063 
 4026 7534 5579.41746788943 5629 4519 3195.570273904598 
  8967.630178888563 5626.630395679257 9885.952098067413 5337 9037   9470 8198 7534.457797378712 7943.918409445644   2385.0080983804723   
 3574.3594188314955 9752.305303143317 
 2559.4632337324706 
 6769 	   8885 2530.9480391970305 
 5254 	 8385.009614697066 922 8516.354849804035 	 9774.07699536459   5417 5174.23597892623 	 	 6829 8228 7316.278935673599 
  213.77719113159887  4596 9195.823807766634 5606.199660663477 6358   7561.622445951251 5896 
 	 1679.6334243128008 2634   8057.081204270367 9308 4994.719174823606 
 90   6308.224994313248 9948.853761281445  
 3406 3101 3259 
 2612 
 	    
 2198   6073 242 	 2995 7870 8476  	 	 3755.393338250129 	 7789.427431988628 7610.632597550293 4960.966982435791 9656.428836275158 5957.869093648327 9094.808638601058 5078 4278 1488.3353544466681 1983.679752560703 	 5773.101154701089 2328.4200976994107 9027 7965 6625 189  4137 2843.876487860537 3601 8381.79372819561 
 4918.800041332732 2677.367565595443 982 1932.6582223999533 2922   4847 3021.1238858042334 5369 3025 4671.479644752648 7805   2846.1227268159782 9695.091114928391  4759.886818346439 829 	 941.6320525203814 	 6846.249135041915 2063  4486 1383.902952783904 5119 4221.305795845525 	 4674.860139874303 6013 4915.232255059582 6787 2096 2362   
 3082 730 2348.4571252807996 4466 6071 2620 6495.089426340236 6641 1887   7112.39314953688 2291 
 5770.520344177062 1609.316690384086 4177   6879 6681.009763440522 164 228 7507 410   972.4188358433328 3355.3033559805003  	 
   9824 	 5632 9058.692239017924 2360.036214530298 693 1839 2167.2437407791854 	 1219.4515729341804 7962.59362724315 9409 
 6688.878500890771   8283.501325426994 7569 2103 4977.44822634015 2362 8940 8576 7011.091082286212 8246.976703124257   2841.5243785702805 8881 7700.345914919174   	 3275.7992791136503 
 4240 8507.649304411247 	 171  	 781.3728756442562 
  1906 1870 4310 4288 2099 5776 	 7525.195280091059 9451 4118 239.38638462948748  
 5750.8315966993605 4526 99.0168402189695 
 5631.633733700052 6263 1906.030479212929 4254 	 690 779.1164110061821 8867 1788 1258 6576.130833086956 4109.473046347422 	   737   834.4932143203542 
   2171 	   7831      2318 6279.210355113672 4450.652109038372 4914.492444023991 9509 5248 9166.67236544554 2648.4839101997404    
 
   5240 6029    5030 6239.889860156402 
 6205.891889088423 6149 
   5312 5221.918769232155 
 3754.1317849942434 
   741.7243773128213   8494.42630906575 5448.273194894223 4564.785213631817 7743.299603883572 6590.61013114302 8205 2790   7698.903790234502 2885.935538298051 5537.166894293066     6717  8972.854826731778 7827.848119380784 
 5688   9969.973935309312   7465 
 2949 
 4507 7455.673158391006 9866.393414342263 5222 2198.010394958039 1957.8698225938751 	 801.0741457907444 4200.591678332649 8589.739226303105  7779 4992.479037383581  	   4955.243337735939 2195.334761601477 6750 	 8916.546556354397 9619 1086.927679256856  5665.3541448233855 7497 5110 5211.114940753176 3954.934696280962 2200.1082655156965 
 6367.126499122089 8800.182387371535  9787.592525714244 	 373   	 	 9071.058577226762 
 3626.280673088864 7863 8101 1488.7185989425323 4703     
 455 
 16.938529816898917 8467.329961174455 2512.3757196881647 	 
 7230.599783975662   1504.092376876307 6610   4376.307978414498 4229  8964.579131696966 2628.6864682126943 6691 2629.5087716036624 7473.810388547962 3231   	  9479 5359 4872.308610106295 3426.8881191968794 218.67791835235795 	 4473 4717 
   5929 1913 	 3241 1331.5388706734943 9900.213243932547 8155 2796 6357    9921 	 5937.886405016356   5785   6297   4345 9025 8226.389571995342 7035.010175658261 9047 1484 1543.6036635868134 6936.065213531715 5379.600200597504   6001 9947 	 1706.421713852253 3673 5394  263.2378444306227   515.7124299738435 3098.6102910008995 186 5441.744450164641 	 
 6031 
  360.00474462352884 8583 
   6936.312442419125   9511.342176561822 2128.8495379626447 3320 1941.9804153112163 
  1306.2673657022926 2375 9651.952707989982   3090 1459.1986390794432 2517 
  26 4303 6904.907661269823 	 533.9178814054757 8157.732902204794 5080   2755 
 
  	     9020 8692.544579125124 	 
 6945.508734110298 7029.797506162809 6321.49663243914 922 	 4309.606012878283  88.19364365869053 9869 2701.0794396547844   794 7476.353094544822 29    8754 1314.386725212081 3544.2900881952755 7269 3501.968679408952 3803 9255 9251.241397920083 8586.913929161181 	 2801 1706.3813126362404 5433.976169550907 2343.0987267451633 7252   3045     	 8569.238753425616 8099  8631.143626117173 6216.389576430526 1199.6496989748407 1194 2880.182887230398 3946.463821316476 8373.499749890387 1686.19583468409 6968.986356642705 6713.522766167709 4595 611 866 	 
 8516 8282.912433075639   7450.31821468517 3247.2586238486833 134.3167138100687 7969.7517028220955 370 6607   
 5616 1040 5506.187199305264 1973 6303.22693374681 
 
 3630.05763562655      1482 7531 515.9221104968792 
 4650 778 
 136.27204750937372  	 9088 3446.550794589176 6756.720717988987 8236 9510 5738 6517 6702 5449 3616 3123 2230.3152344157816   6627.708393269647 3715 3750.314592756575 4030 1980 5528.32164981463 	 4376 8880 2062 1925      	 	 6158.587464951385 5778.793482318739 3269.423850779064 9437 7564 4621.804194527021 4084 5053.983333061248 8499 2477 61 2035.4229744715858 1486.01815569388 5820.043716071369 1477.539872178698 7994 5727 9706.777438455843 7027.715679182706 
 6757.7386321195745 8703.157251218585   3813.846956244701 9863 3544.168756181869 5830 7329.981848478884 1849 8678.4855970335 	 	 5800.040284669884 8122.472157234891 1367.5288030492904 6393  1458  4200.527112356326 9479  	   2349.7070217232995 5316.5180997432935 	 9384 1618 2647 
  2073 
 7151.688343345631 8939.598670196603 4703  3004.9096779900497 	 2747.616084533544 1555 	  4431 7796  5048.8832591352875 2158 870 321.8501196584478 8569.733084737913 1481.9442429596907 6023 8685.724989810426 5886 9796 53.73640124104906  7414.728846141354 	   	 	 6127.575956741407   2147  5808.728255861375   7866.6812950453195 5315   2247 
 1634.330804476627 1700.2165551947912 
  1853.3461491900016 
 6566.292835069905 5859 6707 6436 4306.012201590249 
 5965 423.6379888706177 5992.554196280876 6695.359266265268 841.782139564684 8573 	 4389 6519.152188783504 6025 	 
 	  6206.941822977091 4850.364208688368 4293.205820741894   
 967 4039 7679 
 2630 8667.988791277246 4259 9583   9423.480479271842  5515.967622423847 6836  4117.451488100318 8146.198410454788 4271 4353 6031 721 5257.010165097199 	 	 	 6827.311022639648 3978 1213 9551   6448.113144842853 	 2722 4030 7729.121678831703 4808 2191.0083000759296 5499.649126807709 8684  6303 2734 4276.772761143409 6014 5781.38795223054 7285 9836 2809.6995049288666 1827.4058778100743 
  3966 2503 2729  	   7545.38550908276 7234.923593574877 	 7974 5012  8968 2839 7879.805816933587 8505.944073741717  954 
 5229 9921 1404.5485925767543 4154 3239.6935047106845 
  9332.264243034371 
 1538 9214 7732.006373083983 3440 
 3438.7591600735814 4657 7439  7471 
 9805.400218940535 4976.878183327025 6650 2652.4609426975876 4872 4806.2375650783915 8582 
 5730 4097 3700 4699.4916556531525 6973.521222179836 8596.982736303939 1303 8565.280255243812 	 545 	 4560  4256 3892.9941382991906 5909.705066302587 120   	 8622 	  8296 2376  2795 3053.446346455152 5248.3199415627105 4521.558475732507 
 4404 2934  6630.6144031989825 3712   9457  3517.2265062186193 	  8310 1505.281686340164 4650  7421.299973174688   8235 6275 	 3174.8605551411733  8997.833618074092 7338 4295 382 
 2337 
  214 6431.483855995745 6074   6512 	   599.5132132726288 	   5342 1544.9297647326975 7944.156589868649 5560.595146863701 7866.526103995948 7561 9848 3870 4625.9042051408915 
 9138 
 4757   886   8347.046573415697 6422  2976 6475 8845.8625289486 	 7218.549711054818 8172 2910 	 1860  7951.12261263944 5604 737.0674170472769 1390.1141151975182 6589.437289513963   3840  8424.955668110904 5468.355940904292 6243 1376.2046209046964 1304  7863  4185.116790925057 	 9618 1876.23754210805 	 1832.5005971127705 1375.1471797214788 812 2235   6109 2731 7028 	 	 7058 8342 	 7371.61371329031 4386   7345 8475.14743898463 3142 	 4655.48801606467 8344.0987589945 2503   3840.7828730378646 6380 
 6687 6765.333257336812  7563   3453 4949.092210226718 2524  8313 7272.946430969642 4948 3747.1035995375514 7216.981962320634 8573.149319823358   4069.516795836575  8937.469924943705 3375.21802053521 6654.727475784555 3879 8255.680652732706  4547.399298256064 968   7125.937322309665 377.2035381414285  
 6900.581661067221 
 8467.09731336044 9629 	 4779 	   3520.383345439624   3727 	 9809.990495158983 393 7475.893898985545  9251 	 2544.3724717962377 16 
 7252 7283.24764147544 1988 6746 5692.517699475154 3326 6915 5615     6727.515583100865 
 7231 	   7894.793837514467 7065.503134062803 
    5288.741270476453 2904 1274.9202518745194 5947.913763183072 1309.7433739021858 8418.421410316863 437 5019.386300948861 7231.160002918949 7229.864604588872 464   3802  
 9001.047802087865 4237.857370717558 	 5869.889599257617 9739 6423 3123.350323571774 8543 6964   3792.061244374367 2996 1806 8767 
 4817 4684 
 1909 801 	 2589.010038896008 	 748 1242 1758    	 	 9895.655484513189 4135.843373854784   177.2282280007098 3956.7495028486155 4897 8785.658908532661 
 6208 8354.85059258429    4471 7035   5962.80437457763 	 	   5281   3772 1172 3891 272  
 3871 9740.960190671338 923 5411.682512699342 9985 3317.930860950019 1702 9991.311971341951 2255     	 9083 
 5870 2153.488061216111 
   6831 9917.094831318964   8928   	 4517  7079 9690.656683796688 5760 1871.200861905884 9845 9587 9687    
 	   6037.292760320774 7056.6463799284875    4995 673.4793262337857 931.3294610997302   1088 2949 104 
 5135     5788.057619365121 5870 7493.549437981659 8247 9112 255     5127 	   5447.0234842595655 7248 2986.878983444129 8624 1355   6055 
 9199 	 5296 
   
 1497.2416627119455 3076.7729102531616 7513.031643474726 4488.0017325548915 1475.6655167627453 2533 8679   4621.192636267366 2135.5508279012215 	 4553 1042.4863858102474 1099.0543107096262  307 6378.926557077651 4616 818.3814691945556 3961 367    
 2921.6119372881153 1307  1586.0215812398314 3626.6596939329675  
  4379 
 5101.78643954367 3915   4895 1439 7096 3130 4567.047642307446  9288.84961053286 
 5144  
 4120 
 9704.728014947526 5944 1793.3610757098684 5353.95077814483 	 5482  5563 	 3147.1251964061344  
 5211 1788   5974.472786684305 7883 3445.787480376572 1364.0447305422365  	 2436 5541.709275269618 128   4784 5539.973916685676 	 1839.424182317404 	 8272 278 2855.327938430656 4529 4652 6989.904706569655 7890.601845643307 3419.6079833638273 6109 
 	 5491.909806282427 5537 9856.404557636672 3538.141397541734   3569 4850 4694 9677.942517865713 	 5586.405129094103 6798 5682.5126166859645 6379 8841.694401070454 
 5495.679064715548 6367.728538774834  
 5215 3593.4337167198105 3420 1829 1455 2221 2720.3646410903702 6813.154743808925 3701 6498 273 6453 1348 7321.47096635458 8138.853489373629    4381  2162 4144.196311779885 6083.796103815301 4633.100774727287 5034.355533945527 6027.908689604074   7103.457407901562 176.52569207981307 	 2195.997899670761 9309.224028422248 1145.4463443959917 4903  9203.12668158519 5334 7087 3307 9180 
   8774.359317114611 6459.240557361096 4849.04559583036 6110.751895499229 5952 9799    1467.6583932555354 4809.565131903723 	 
  	 9081 3082 6751.097846151427    57  5425.460600302905  5935.511963801468  9160.58971386143 3842.342737163901 3798 
 	 3226.8063665267887 9524.314708279113 5890  7407.981455840756 1340.9179450526665 
 1201.5856248551604 6898.870557532025 292 7075 2140.3174540521095 
 	 544 4101.97269863882 9337 3738.751555581974 
   5867 6996 990   3743 3567 6989.825452818903 1333 3140.8324305458123    1236 2345 	 9381.485662628918 4323.880750086944  9749.529254666211 3105.698972820019     5     8273.816072805628 6074.964033860515 6732 8114 6022.454277394567 6487 81.59338583419662 
   1084.9244155005588 9601.712250065702 	   	 
 734.5875361829624 5374   1096.7231576564973   4379 8978 9895  	   	 197 4097.1241380686215 1693.8425018825221 7093.821934791211 3810.7366825440026   5294 
 
  
 8668 358.5265987941877 
 3248.4940536671324 7316 7083 7241 
 8744 5090        7949.5013329805815 1940 8809.519246635602    2486 6007 6927.262149930814  9705 5519.364338506238 3051 5343.620797678971 	 4832 
 	 1474 
 3133.0226811975235 2567.385581518957 
 3421 7291.566230906533 8579 5850    3649 8471.33273983188 9013 5754.8275378475855 6010.776361939924 	    9414.635110398023 156.42663602757122 
  	 8348 5454 6812.5062527443615 9645.843806467354 	    
 3231 4441   4792 
 2364 
 
   2772 6760 4352.6857176673375 2633 	 2212 	   9147.823395701778 2508 4769 4824 428 2362 9378.99069219617  1942 	 
 7910 5455.217790583257   2880.869922802113 5051 9016 9023 1263 	 9995.358485693954   249.72145575760553 1262 	 3594 2550.253760674629   9961 2066.404639340872 4518 	 4768.929490492494 933 2017.452633664758 2461.647713512182 5196 
 9515  4508 7966 7920  4262 1008.2272365127043   9936 
 1749 	 1691 5946.669161990389 782   2774    6027  356 
 	 
 
 6448.172569009517  9529.940086893894 6640 9221.876257307933 405 8837 
 
 82 7506 8166.378904271584 3001.1461333086177 134 6826.948189588764 6244.241527917424 559.3992360079325 4928.113613648811 2297.6664406804216 	 	 1309.6498117532794 974.9472908397705    4590.990757071968  
 5021 4955.299719864172 2542 5312 
 212     
 
 890.7622800516934  	 7917.010651027431  
 
 
 9462.902124499336 3434.910414386382 8358 2922   5357.3221551531105  16 552  
 4325 3662.857811285307 4039.128129836439 8111.42286287135 1575 723 
 4958.0045257082575 8620.306990261908 1136 567.5219709966673 8043.193755230538 5286 5911 4366.371891449025 2080.7935231611627  3162 5654.8400573381 	 	   4986.51999405975 4181 4204 
 5049.955987252142 9306.189394577861 1354 9418.994216589303 355.6447483639791 6609.0636849577895 4980 3633.0047610012552 9281.520504624972  876.1813264840735 4538 5252 740.9192624483585  9243.326091095601 7875   2006  1951.2126653827777 8181.009666642406   	 4020.6454873217644 9647.684846817421 3024 4341    9822.855957915133 7706.344258513506  8346.43479897262 6302   6532.673472807166 6367 
 	 
 6506 219.40847586013444 6010.146650088589 1757.3223849556252 7248.703022017621 6423.749231369733   	 6420.821979781961 8668.296603458211 2818.9393250034977  
 3091 2463 7707     550 8673.439467227538   4542 
 798       5642 342.72119452605665 2465.1062931077117 6966 2317.061120794813 7144 487 994.6934961168919 5583 4717 6865 8453 1003 5956.479157787327 8442 	 8961   2876.4726483042446   6030  9521 
 1955.8848569977383 
 2174 9504  	 5078 7741 7055 	 1771.912598399904 9406 4341.366794523508  2629.394492124996   3144 4787 	  9663 5131.423663662079 1135   2145.2043881636364 3353 4265   7798 4037 1868  4626 8983 2074 4176.681214901057    
 9134.585344116611   2226.4511226174823   	 2076.447779694485 
 	 9574 3092   3917.9648863491225   
 9124.277899325498 2048 
 294 4484.83708397316 8838 5724   9578 8348.792755879835 5015 7172.313391533936 4420 4899 	 2486 6785.242441116735 9461 	   8702 4686  1906 
   
 2885 7318 2026  1388.752431181285 2098.194236868771 8789.365221445578 3376.5373570596457 2437 8985   1204.6296420779834 625.3129847699157 3340 7101.423601570113 6393.051970308828 2876  7099.140088559446 5578 3350.273449481798 3579 6294 1094 5585 
 9386.674561626118 4445.508698306207 8500 	 	 
 1033.6188938364298 7677 714.5363156386964   6077 2260 1842 4082.2767281785923 1942.360432671898   8125 1192.821434267699 7154    9408.775097327516  241 7943.070913956335 4242 
 2604 8000 9936.244257217162 1896 5028.035002199877  5638   	 7813 673   9090.472646318722 9482 5353 815 7963.569020497769 889.7729788475594 3051.5788294345316 3954 4289 
 9856.500159093375 	 3832.0300025101296 5030.861469841719 2511.60476388941 3265.2471145527484 7169 2377.5100389165636 8851 3898  	 
 	  9584 3111 5754 4200 
 875.2069243366434 30 6476.922659857809 5076.70094845741   157 9147.492084732532 8316 8202 5117.491111743764 1797 2711.529027898133 4769.739254284913 1493 3214 1312 8543 
 3374.8854042301336 3637 2086   2309 3729 978   1300 	 750   6545.445667726693 7841 6103 2964 9471 8610.530541971413 1598 4321  6881   7722.396207383249   5215.189787683144 
  5371 
 7461.293453088792 6045 5015.697923340929   2419 5799.9279999639475 
 4267  2291.9330767629554 	 7942 2359 6948.627475634052         4178.522698035806 2562.101877193641 
 
 
    3156.2550129707224 7321   
 5449.638519286638 
 6509 3773 9417 	 98 4376 6307 8832  8670 114 2379.3882350363406 	 4835 4971.821702463981 9312 7198.440285439276 3382.483356109114 3073 8017.942155893788 5289.562427532533 3443.640400195569 9616.855154973458 6929 3115 	 2053 	   	 7554.633197729365 4192.948539719669 182 4259.4517423065045   559 5646.0904120324585 1394 9478 9645.423704842542 815.4406634947031 	   	 705.4713880147744  8760 2201.025917388596 4192 2221 3273.878968308619 	 203.8954200667853 5966.703879482084     27.2006161554772  7315.256801823227 2056 6433.806829708628 2618.2874847157245 9393 1630.8744599900615 	 	  5683.42644507594 5240.731295968894 4676 4548.112132666033 339.2346217240916 8926  243.79713343693598 6246 9902.620945093224  
 6134.590966621424 4181.557575512768 6044 3841      4427.279216544291 761        707 399.7118169597835 6410.840468173644 4460 4617.258267131348 9833 4962.044117648899 1881 6116 1511 
 8510.377806820505 8197.325681391736 3893.7907168794072 
 
   	 
 499.9292198879945 	 3385.5214598856196 7422 7730.575764997201 7449  9883.299568540859  8262.307852854232   129.30140513882193   2171.7013225596006 9114.060554720878 2046 9612 6271.600113206742 7229.377146486404 9921 
 8993 7285.437045835323 4228 7463.241695266898 	 3064.3976305968436 879 	 7432   
   6983 8102.6538915502115 
 3854.538190979552 1333.9392946519424 8237.388825694523 7127 6252.126511140007 2176 9427 
 8437 3717 8774   2096 5201.162504503498 105 	 	 4000.2590674400285 
 7497.196025222938 7702    1356.0328927979558 9757  865.2566981536291 4583.990011002252 4659.851071130006 4892 3415.6214457728584 	 1140 
  5241   1318.0957920533542 
 3079 7366.204563589245   8570 5942 7094.531946956764   5175.874255442901 	 	 7467.483916178688 
 
 6648.118410859443 2755 	 136.5892075787134   6280.924607660796 7734.498245825241 2719 974.1814471702781  	 1057.31438754463 1016 	 	 3388   	   1061 2368 9323      3546.3060836729965 1289 9742  2948.3457633469566   5191 	 
 3359 4687   
 9759 5407.422765393929  9498 
 8818 649.4986456579444 1192.948173368491 4300 6480.376698708878 4941.118441073987 4252  	 	 5011  6648.761078031172 8871.703356019683 9556.836670101955 
 6756.591546945981 9130 1557 9321.123758819735   6398.242856061433 9906.913298739712 1997 8904.22374900011 5063.532500342608 	   6471.7278016572445 9477.301303014629 9103 4969 2006  1961 4414.142828995037 2034.0100273610417 5756.628928085928   
 5670.131447041258 
  	 
 7207.544858622379 238 4990 9863.770324218962 
 6204 	 1366.803089797336 9282.008046688909 6805 9690.735561575508  8234 5445.439983619982 2595.650978677854 4508   9868.975266139101 7857 6882 	    	 1490 8879 7337.398297938668 1851 6813.07578252059 5982.170217007494 2920 6539 6520 7053.28220448828   1939.1176820999212     141 8616.98439257587 9937 	 680 5017    7274.653421519403 6008.57200430398 2120.605216214164 2977 6274 
  	 7617 350  3907 3259.3583375527037 4281 9687.089063137091 8064.750050002327 	 6410 2646 
  	 3373.836085763634 1502.1199340922897 	 8374 2692 5442 8600 
 5052 5214 1459.1828797818318 195.78418660220808 7178.584032409547 7291.934471201464 7443 7804.328302844021 7849    3610  5099 8502.24607894072 
 8476.585436184849 	 4923.999611205725 
 6721 3128.679080037764 9402 8167.8092921471725 1301 3909 
 485.0447408329794 5488 7024.752223883444 3001.77494187012 5487.841823124583 661.0681174403454     5199 	 696 
 8468.851892645405 5757 
 7541 8017 6968 3659.2890027732838 	 5583  4077 8378   
 7497.3364571838265   
 
 
  	 3738.177703002806  8259.761825316062  7488.450488665179 6718.842820214037 
  
 	 2653.6537175444396   8294.50326592448 2624.5033662777505 
  	 8025 8088   
 6039.942121799495 4047.5824014691098   11 2665.005432925267 3622.1943063375493   5939.268842707766   1574   9182.906834440379 1738 4863 3166 5860.532035136108 9552.181981868409 1422.0897871769023   4742.729592619872 3963.124212548568 	 4132 3303.2849133660425 1660 5420.567263385182 
 612   3489.8124164643586 9516.453249873251 5933.819802554017  	 
 
 5479 9067 2083 7952.633877990513 1417 5518.381117011269 266 	 1680 3081 3669 
 7484.940355783924 6923 6953.365658129506 3174.325689894002 412 4525 6729.319953101638 1873 73 
 359 9669.177708797177 4093.3393546885886 
 9192 7456.621046047844   5961 9692.730059692398 7318   2434.0142276231136 2710 1412.8875351849679 276.8517137110227 5393.742805199411 4308.036155912283  6383 5 
  7032 6440.415200511345  3202.850344670414 1237 2236 9285.137296699577  8581.355078009043  5533   7525.766540475442  5561 9806 
 5772 3496.8584082006305 9546 1606.7435654151107 1247   	 8427.38815503555 8679 
 1178 4211 6039 3074.666470997095 2939 
 1085 7988.921961074828 48     3114.890394187114 
 9547.508386992295   
 6515.8160981103965 
 
 1299 	 	 1762 4846.518755337926  8806.107784637275 6890 6825.481812992071 	 2807 6787 7987.943876035235 1781.732205650226 7949 1548  	 2717 3781 9825 2478.5426626245653 4495 
 3182.9236493323288  3386.6013168374043   803.7827971280232 8475 7560.974283895235 5694 129 807 1411.9328235492046 9.429976832956433 700 6237 9027.322077022958 4503.360702133558 	 7617.715989369869 7878 2855.684991568219   9789.963080400223 9781  3345 9782 
 4557 98 
 4017.3658524407306  4490 2196.194849362253   4258 3676 9954.356765830486 876 	 3028 	   
 9814.54687042792 4157 
 	  1616 9565     	 9222.056105472684 5846 3494.9332621946196 
 8777   8649 5951.11450312807 8195.95547894319 302 8300.859030660864 6994.745462726586 203.67751819476032 2888 4602 	 8177.576905871292 5235 2016.5304489198754  2422   9349 
 6191 1333.743071455281     9837 	 2328 2097.429435923345 	 6674 1457.1927947036734 7983.423477750128 2308.6701349715645   	   
 9653.46278559873  845  	 9538.178397770838 7996 	 3091 2585 2564.6559656651557 622.8487021385009 	 4796 9405.611077992884  8481.083879133 4683.427174323465 	 9977.807757584416  7036 4719.518409763723 5903.367261635084  
  1101 765.4037406445668 6375.542082248655   1189.220854599805 2332.3186562189844 8934   1054.4271020792805  
 9047.7440502546 3126  4824 578 3136 8878 2631 1983.6339412065952   1777 8699 6334.754864779124 5640   2877.679767949786  	   4562 9900 
 3260.6404883166597 5115.303673688505 
 6899.264288429322 5190 6774.960846140277 7785 8390 7250 358.60119821617076 8665 9190 5192 5215.805517368743 561.5362021796866 
 8837.51413167208 1423.9005328597298   	 4613 	 68 8573  
 1858.8277350069482 	 6385 1518.6010147076233 7912   6693 5870.311469534093 6518.662286181384 4193.7583912325035 
 1804 2155   2861.7208314445274    4221.154794135924 2474 2875 7510   5945   	 9179.159346999952 7331 953 
 6687.854118581728 4036.683543698456 568   6259 
     1548.917500941537 2900 2596.6327576817307 7755.572032514586 5249 5929.994594405499 8058 3083 9267 595.5004615835102 8514.254795181658 7295 3574 
 
 	 8725.643082440005 	 4356.145346829626 2324 1923   8419  4712 997.1738152705223   2495.0983198641065  9658.412889038462    5088.92164679629 
 3095     487 5721.430417137032 6829 8953 7270.148330941272  5848 5637    5279 5615 6471 	 2673.230883326192 5285.029308809352   613 	 7356.339222494258 8338.544166962689 4309.277978513066 1766   5461.120655677403 2287 2269 	 	    2224 
 	 8609   824.1221529131393 9509.415378090785 
 4452 3054 6267 
 	 8551.39313526047 9643 232.5822197345717 364   4283 50.830836228284994 9499.911111895359 695.8821378429935 3542 115 6200    1097.5307045449144 	 7453 1980 4913 5521 
 4145.343695622231 7391.732789392316 5627.578414502134 5978 1596.7688296821414  	 	 1396 2588.4858322507043 7182.979199091116 3704  2349.9529752190374 8153   838 8737.390306478754 978.6672628002091  5672 3890 1237 1012 8936.558250633583 6651 9046.072659755186 9083.413184937008  	 4103    3220.992899147046 3395.0938188766067 	    4039 	 3181.7399956823333  6252 2866 3564.3398548184678 6119.706948749533 5616.530149110104 9513 6104.968112472829   5001  6993.649949173852 7253.242064300614 	   4884.881703785702  	     3281 	 2292 8033 631.3931618520774 7968 8635.332066344297 8034.782577041417 3131.6323019118217 8647   4040 
 	 8278 	 6842 752 352.4720568151385 9039 6042 6090   
 	 
 7897.352369737027  7885 9297 2393 7571 2533 6415.838536794946   	 932 825.8437632570303 	 	 2984.662317641793 5860.379291223471 
 3321.4716717709057 739.0741057350148 872.2171139971846 1980 5461.254964740841 9646.153496568588 97.58595612095577 445 635.6292176324041 
 	 8964.453933173501 	 6454.38559621748 6388.722060365145 912  4671.8790601455285 1729.7929295096037 4406 4389 1713 6036 6913.957607459257 	 9061 5285.898576723982   543.8550954399624 8849  7621 4880 7517.319645278549 5130 3374 
 	 	 2928.725038268164  9069.35798598571 6160 	 4372.529438113096   8815  5634 8376.159323575142 5847.184492360493 2270 5616.591495422207 8601.48505637149  1436 
 8008 4627.282347565015 3967 6274 7810 3549 9345 8956 7282 1348 7731   3348 5931 9558 4800.142596151776 	 6059.018079530663 840.3293287994807 7225.577551353371  4064  3477   7600.977225392828 1148 	 7862.756418996037 253 6798.380651231555 3.230665991950099 862 1069 6497 	 3593.33503400338   2635.7688279723357 7968 3818 9455.413553279133 9623.374645650734 	  3023 7356 7031.261705609768 8004.338208017977 15 9228.367130118113 6390.360124413968 6140.3607094409645 9096 
 6026.011363518575 
 	 3243.5482346874     2253.9115021979514 6293 8031.899277777174 3384 5195  111 	 	 212 6039.1390090721015 8584 6666 	 7603 	 7816.309617127009 3096.7043698850284 5446.083529563251 6539.261537822143 5377.637802845531 2874 6626 
  2056 4053.6198804463875 4929 3095  7143  4913.41902953244  3129 2465.8939931730297 4414 9535.569549804715 738.9827961637385 1026.396862806923  305 8547.634155911745 689.0226095851393 3442.5119791650873 7253 
 1463.7166153580738 1255.6510931865605 9380 	 7799  7246.655993306187 	 2443 6440 1462 600 7667 4603 3787   2227.2057990568474 4687.05766322575 7779.443848663901   641  52 2565 	  1062 226.44595837807867 6697 618 6772.439649636927 
 1866.7425190964836 5151.7274930953035   8475.9265441422 9290.495266179454 826.1175074902671 9269 2945 276.2670470199835 5242.480155929015  6709 466 8339 	  3862.8270402749445 4890.176777058942 145.53532212300712   1167 	 
 5643  4259 6817 9040 3495 1894 4550 130 3569  	 2137 	 2878.3777351411386 608 8965  1354 	 7578      7106 5090.911065557352  7591.685908740457  4367 	 2178.135370861537 4669 932 	 
 	 
 
 4366 3094.0072662118946 7693  	 7158.992847781828 2443 
 7601 
 5749 5216 1649   
  3412 1987.6011411376314 4559 6445.724821652199 7703 2837.166566213751 
 5941.113790929835 140.9265328323539 2102.4344678022953 7802.564431049488   6696.817230595555 3417.7762710415027 5154.151603824094 7112.008527761978 
 4172 4079 6105 499 8449 8422 8359       4340.916531134121 9057.777531417847   	 7114.391713736461 8115 3235 1021.7986466604423  7855 8759 522.4949681077406 9325.456359880356     
 714 
 2175 7876   	 6055 9482 	 9053.13887382373 3288   
 9308   7801.436746100338 3810.7909628636726 1670.7865289910872 	 367.454985240665 398.32012018818807 5740 
 4459.260735740106 5460 5717.852010778436 9196 7792 2181.7884851454282  9155.233622882368 4905 4552 808 7534   115 6845 
 3242 7451  5352.303854416716  7170.756239638473 8362.599342798838 7141 	 4907 	 8959.440330869738 8458.74955984661 5755 7445       7616.656941434499 2535  2984 5431 9549.772737017865 6250.115334186481 9838.548954225578   5034.819885437113 	 8   4824.044780807168 9045.503469713656 3423.480411733758 4188.360041737406 5562.239641792116 9128    7654.172354907064 2059 2218.940628634319 6079.804147461271   1165  4358.309977754881 7237 	 
 3608     3171 
 7128.482319649753 7265      	 3663 2475 8564 
 
 4740.476325346299 	 1837.5843667247193  5234.960047058273 305.0106800996111   
  8510.925300082446 3042 	   	 1851.0432748123628 9206.182664612612 1827 
 	 5304 2754.7144916838383 5812 8594 9113 9804.582914875371 913      
 3618.0387647650723  2358.5916640447304 	   8610 9042 2072.912166182277 6737.146820423503 6488 3804 9184   933.5384811268532 9950.156852271924  1257.692980025349 5255.047930696594 7852.41120901483 	  9127 8571.42159310544 	 1689 6769.0322027161155 341.2209765714036   1271.944587970275 	 7072.098188952688 3047.9829731966333 9030.328284358418 304.8674323023637 2023.5044041496087 5771    
 4492 1749.0014551130505 6523 5026   8559   1151.6555790429084   2804.479614495653 7032 
 2688 9424.846796485414 8048.3754244683405 7369.222078809241 1241.0033144039535 8691 
 8413 761 
  802 8447.005679819335 3871.8256486870937 9430.295717148709  7140.0519494928385 9807.483635004233 7873.185650509728 	 9617 4354 6608   8284 	 7472 	 4011 
 6355.076470962034 
 2405.826380005077  7001 9632 5154   6140.971329791497 538.8312497589231 1500 	 	 5243 3402   
 581.3785007255068 
 2605 1144 642 7475.166283060861   6702 260 955.7866610805432 2092.66555275053 
 
 1094 7201   4824 6526.53679109588 
 403 4011 8383.32313054183 7590 
 
 2604 3073.0867339164656 9256 4880 547 6789.7378587747335 	 
 8348.47998028638   9409 7658.790230362392 7799   2753.931391343073 854.3508454502646   	  8608.533307313499  1514 4875 5109.311461694636   5641.071118343493  5554.21295984849 8336.5370170397 2006 1662 1329.18084914754 6644.235004111532 3643 9381 8872 33.883590100008966   808.9240770197226 
 9827.68358643441 2005 7732 	 4360.88136725732   3027   4657  1884.4763883981132 2563 303 4974.127837131567 4327.630555596177  	 6054 3309.6707637463883 2508.533660237362  7469 	 
 5828.940885377972 
 8715.14820473364   6759.811975463324 1828 8336 8557 2143.4958821857554 2984.7250447780407  2301 3696.984824773487 5457.504936501641 
 3728.064269627643 
 3931 8534.84146251096 	    
 	 6198 7468 3069 
 4366.301319385082 4745 6141.112441217768 	 1178.2403987036394 2659.6973361396213 3569 9097   8559 6153.738025615545  3984 7174.927686499492 3020 7672.563701459309 4442 556.5364358598634 9411.008802399048 
 3148.7991985734675     3737 
 2842 3150 
 420.9737600171737 
 7097 8462.120573261893 
 
   3554.2536336849316 4032.43061427627 8638.749322446458 5609.798476714805 2220.611935566862 3084      7708 	 6365.265165309598 3028.488189360684  6836.735855532436 8098  
 2715.057604685357 1650 
 5488.283408073548 1763 4843 819.7943973645395 6877 
 1728.938671465553 9131 6888.176616457719 1168 2456 4889.975283960422 6143 	 	   9740 7765.02965828832 8251.721884626844 9514.560849734382 5851.29650633761   8313 	  9250.675467789482 5479.441556515845 885.8433625038354 317.9442528276477 3121.836321653517 4148 8648.803186023213 
 3299 8371.910827936606 2339 3306.7983965930316 6834 7286 8691.053815608544 4235 5902 8659.800365887748 	 8700 2074.5113019475025 7095.863318160404 9773 4713.098765385201 
 8108.506408592567 2277.274332832391 3608.1946922512197 3307 3708 200.57585257377664 9973.472874795709 6927.183697992215  3462.7387248065756 795.3685615628292     9173 	 7613 7885 9763.920109791836 3057.9666242001313 3669   9884 9973.112182367793 1721.574016051247 5787.893004180826  2239   	 7140   1343.726571597852 
 
 1215 
 3409.355991145431 	 8405.146376002054  1952.3646716733645 718 4257.227359662388 2005.359453048129   2929   
   5838  2484.742728646051 9454 4179 7074.222451254063  4619 
 6069   1000 	 2709 119 	 5080 8169.985498736133 6629.064596278884  2816.828311118803   650 2486.0737724088544 4907.00852224627 5929.255260562863   	 8017.445967409017 344 5240.304386467292    2307.084397855884 8124 7143  6689.281089374036 3895 245.0452585553242 3859.492638608417 7523   
 9806.703351829654 	     5558 6893 9610.172234726999 1611.717984773715   9617.01845376117 6833.077093064496  
 1871 1756.3918622234487 
 2418 	  1819.996137622555 195 
 
   7283 	 1509 24 9608.918346147246 146.82231106575406 	   4203 8518.614288526745 851.7101213531919 403  2013 476 4106 	 7080.460789606345 8441.202993382798 1806.3725195848801 
 
 9232 1215.686020314225 4259 2704.4086964722346 9364 6230.472407451256   3500.2314926166177  4285 8196  4174   4464.257159199726 	  5525.035543182597 5410   2616.34210463499 	 157 3581.8953658351293 5230.481956340126 8610 3630 
 7990.22331667386 6793 6815.184478064726 7059   7133   
 
 1073 8386 2058.7432063921697 8106 	   891.6222531010576 3173 
 4562 4915.0595447373535 4971.945525917108 	 
 
  4026  6988 	 4231.2863901240735 1765 5786 5735.052506867074 2495.4978113542093 
 5348 	  	 
 
 3267 9830.392314059827 9345.579768034602 8542 107.09035429134927 5462 8071.718717621924 8560.085441334639 5883 105 5738.855113690345 6361 2368 4154.849762167677 3875.1790754010094 	   3156.1781847723337 3349 9107.621657115573 2763 116.80666174745502 1625.6816896105408  1984 4837.558770590318 2175   	 872 1826.929680124152 2907.9641685327297 4965 944.3659575689655 2995.423506047771 4915.432603097531 9923 2561 1829.0011006754658 700.3304330994275   734.6163848512999 2060.913568455105 803.117265617993 2170.2289343334946 
 9715 7822 	 4838.360001603017 857   6338.703476012412 7006.260856576711 4238.742746227482    	 7230.27347556268 	 6542 1798  9955.375821265388 	 8601 2956.486327175977 5031 8486   7061.821416041005 1500 3506 	   
 7401 6958.667128605306 3788.2937424522765   7628.3587243153   780 
 3514 
 8812 393  2290.6875175121113 6381.19834921688 543.6864379602047 7449 5977 6902 18.021126143984432 4407.147093819094 7939.880147898631 	 3863.5258830261178    1007 2729 5627 2693.058259833082 316.5716614080716 	 5008.14146210755 464 	 1307 3039.13593862108 6470  5711.782166572428 7253.633449470859 	 7384.284976805922 3136 7395.77342454682 
 
 4486.522022205911 6153.813352253716 847.4488523160295 4710 1380.7025292940457 	 	 6735 9845.513325851864 384 991   657.2104511020738    1568 4500 1517 8008.740037253426 305  3694 139.90605257980792 2721   8217.078325312463 8558  2102  1509.3305665261148 8232.310647050668 	 
 7977.681844227533  5187.003615462468 3157.1089160073575 809.8044243154834 4642  
 3879.654279739475 2210    9323  	 5283 9746.904757394352 1001 4775 8437.563986558544 8157.827197554311 	 	 555 4636.029982664606 	 2665.1827873587918  
  6605 
 
 5272.723601168382   1718  5310.602993935846 2179.201622493102 2352 7461.437896538859 1605.0894703384988 7965 
 7862.538355361942 5419.982272972821 272.29631319215184 2679.107435509129 1724 1476.6783469022048 786 9899  7336.907119157505 7666.044520430034 	  
 5966.466782896072  9378.74126857244 7367.201293029711 6388 5490 	 3625 	 9765.0059614829 9666  	 	 1830.5096329603798 5952 
 8987 	    	 385 3832 880.4786907228435 2696.1534598520143   8533.972233895067 3131.8549328821164 	 346 3511 	 3813 119 6945 
 	   2441.481119663973 	 	  4283.1441885896675 1598 	 5361  	 4152 2885 5646.1334368810785 6872 
 233.5339457927521 3361 	 959 7133.7822637813415 5124 
 
 8579  
 	 3361.7077728835798 3475.803039648928    1934 1865 
 8185   5748.003561171381 4470 2139.9188602865493   8501.104897052193 
 8737.055312626084 369 5560.772387070856  9393 6759.284767180462 6340.882880448851 7554.2674928293445 7023.487203077518 	 6757.230331647786 9802.713496117512 3439.4371623677134 	 4790 9632.857129314838 	 
 4699.914717737414   2763 	 1130 	 	 4056.197033124891 5666 	 	 411 4638.932774336961 7242 8987.828595205074 6594 3891 9146.939025630663   1235 9421 505 1722.4730012152233 2896 	 
   2023  818 6566.57613631106 1610.0510298696702 6887.092193495643 5726.151854373977 875 7355 7353 8334 3621.665789520936 2493 6198.447198437689    	 4553 1917.254254244456 8251.190883180607 3186.945434743721   9733.038435270131 9073.514678727193 937.7398317003139 7306.481970596994 2779.3688164614073 4952 5656 	 7726 6870 	 3483.7242229147614 196.68866226367322   2878.8187276703593 	 
 1741.4124008964204 	 6255 5191 7640.781639222521 7100.768976489035 3653 	 6302  3539.233093088371 	 	  192.70371888126746 6706  8356.182950263239   6798.081124355274    2379.1137716400244   6414.289015138153 
 3011.409434912251  	 4984.999594425313 3778.956655179204 	   4963 8970 2518 5794 	 4541 8302.166951093097 9384.782009698189 
 8489.793247399628 3832 
 
 4946 	 5871.452836097693 7983 3726 341   	 4780.6287063589425  	 5990    9351 4011.661722723354    7824 	  6411 6996.690055808692 
 	 5381.1896179644355 9627 4757 6769.696257580802 5836.280487323435 345     8396.132071632828 6895.303506355923 7396 6292.84968188839 4199.55428694375 	 3674.4590848371204 
 6474 4716.590678509424 	 2005.3347546864675 7249.920897590111   3697 9524   9251 3797.0318405627413 5827.488480388675 6084.29796342548 138.85699678095386 1465.6715202165283 9715.915593860218   	 5051.8057761030295 8242 3113 2601.3706719552833 4917 5878 306.85079244905154 2789.058036548094 1175 7543 2449    8495.713294401854 8965.751287957735 2098 
 9119.906091419864 9761.942210820922  9298.963376662316 7876 9168.537073951169 
 3268 4308    5632.2228843883595 1201     815 6293.02765031085 2777.126806572697 5634.30267576401 8433  5122 
 7864 105.26631075849058   4774.5337579310835 9278 2626 
 3136.0343187444096 1107.954227077086 500 4111.220137865709 8729  5994.2091822090715 6275.365495843504 702  7602.9876694059685 5645 9756 6223.098787250373 4589.945270366532 893 3497.627801354617 9216.521465412105 9814.224556039055 7145     9415 9829.762962801531 1887 1846 2939.4787508862673 2150.544070236855 8152 3548 
  1664.6709287866224 2760 2556.060040696685  8582.529546302385 4034 3308   8681 5169 5625 7918.224675881359 3527.176863438042 1125 
 1911.893988137313   3462.556420553452 
 2739 417.76145758166905 4176.1684912412065   3590 
 	 1036.4709075716205 	  4452 697 	 2192   7412 	 2405.472562810871 6137.42251842843  
 
 6417.179122425953 6086.657342560108 5001 7813.9387453635345 5980 6590.631776573045 	 	 
 5618 	 1435.915080775758 6632.955521805028 
 4796   2198 3900.2147578188597   49.315986566781376 8407   
 4031 607 3392.461174828354 
 
 
 4732.172457323642 5749.072808494723   2270.8470908714185 7823.916484541826 7565.657732358069 5882 	   7081 7899.845931817754 6044.69034984394 7844.713180884019 5106.314040846413 5924   5091 
   544 7826.328232217707 8804 2140 
  2733 7514.764708061363 
  242.94521356616693 4637 
 8516 	 2076.8365451957748 3697 8293 9151 462.6527249823864 161.20934435411294 7677 1221.4909459364253 1554.3782227697754 
 
   351.55241363014625 5867 6120.43648728022 7050.400041359689     1464.428798079843 7968.062458386898 443 9033.653641162146 3493 1419.7524872755507 8849 5704.157059711308   6472.070593217523 4329.587908273039 2060 3756 9268   3847 5607 5746   3082 
 2362 6509.205451966433 1832 4172 2187 3809 3796.842423329806 	  5686.12335744594 8773.39135080938 4536 8442.913720154364   3522.915399575728 7404   
 8369 613 
 662.1354640902965 
 750.3678720539608 6263 5450.523126249759 9416 5427 1120 1413 2340 7053.277277538414 5864 
 	 
 
   3402 8142.421657845849 	 6356  2459 4771.5765528727325 3448.296717174555 8366 	  8359.333319652142 6970.591749242194 1456 	 4585.949836884786 9802   4659 167 297     3531 
 9023.82660234545   9065 2289   
 3279.5175133623043 	 7259 	 5851.496623455758   7738 
 6672 
 6740.747548195532 2339 1332 
 9542.56011934301    9105 8633 4964.269131729035 609 794 4107 247.78877637329555 9520 
 
 9388.825253816594 9015 6397.961769600473 9610.239619190288 2822.3927257090277 2992.1144344619765 3933 	 4648 2178 9620.981737700924 	 4782 8198   1592.7026301804726 4455.476242127345 9349.97700122402  4676 4050 4426 2097 8936 4229 
 6846.439777385887 1311 
 3518.003617772998 8177 	 
 3127.146530941123 2483.4464046526837 3893 9352 659 655 9119 
 7152.56075016973 8806 3330.9913015368643 7209 	 7030.713036239892   8599  7945 
 2179 413 908.6476091763574 4137.457229424367 3405.1310559339186 3883.7502714517946  5897.16401504321 	 1755 
 9906  3582.7555570712543 5916.662310104477 3560 8834.7184265835 7989 1987 7271.857450223891 3492 6056 
      2455 4297.126695862926  5586 8911.907503846985 1728.618530825583 7531.890151368818 7048   7802.400997931977  756.061565029571 154 9945 4134.34715615664   6679.052010996822  7329 9446.6000890633 
   2829.6620288049435 6627 870.9860371844369 	 9941.001122784162  6570.236077037551 2298.3502400737443 7607 546  2675.9190800067167 3437.111824471638 7350 2042.4718677363385 6213 4418.540792259718 8747.557283655 1146.2841899535993 1420 9139 6500.607327227357 1247  
 4396 
 1439  
   8727 4450.8144435666745     6904.953919223259 4554.386116978069   3203.9722775850178 2300 8427.002953037461 	   
 2071.6619118082103 9573 4811 7044 113.72769645451197 4922 1491 3421.9834643746794 9636.970857235023   1675.97389946317 6055 943.0326889584073 2778.2432057918204 2159 2919.3720801575196 3886.087975938899 6417.951343174989 
 3060.465394027734 7979 534 7640 9837 4228 3555.8502153368145  5530.957969603696  2145 9992.154224279402   8006   5401.016876442839 
 7836.449778898481 9844  
  2641 7467.247157863279   3711 5440 3366   9375.626497796819 620 5422 8544  2120.3092261327947 6597 7743 1530   1463.0395524804596 8819 
 2172   
 1775.225453060737   2503    3529 
 1997 	 5166 9390 2182   4351.419894463163 
    7536 8321 7228 5019 	 41 9167 4206.056979074232  4425.64907487393   7150 3537 2899 7034  2366   989.493176342442 
 7221.2162188287375 4464.220742173488 394 1823.9871778659478 6558.425542581955 5519   1402 769 92 3440 2891 3170.231900081342 
 9607.861843794537  8713 	 324.6675990188186 8022      77 697 9905 7686.257001248628 7704.372960890787 8151.029705224307 9941.714419473416 1591 5994 8069.277730935994 	   8956 3108 	 	    2237.984353170419 5258.103399373723 	   9524  6213.2201019677395 
 5730   7472.265391357745 9381.823099475074 	   7270.740055378371 
 1223 	 4340.984138257815 4396.8019886775855 
 3062 8609.659301421825 8982.187119749724 6442.372571287401 6062.670702833488 
 1653 6076 1251.582924371477 7348.167978979852 7634 6031.069122916492 2624.9494772150783 7989 	 	   2106   
    766 5415 7906 
 9610.372442532944 4584  50 
 985 	 6410 	    	 4484 4324.887205367354  2750 4937.260718422839 9644   9512.296689434366 6675 8503  4487.655466177398 2232.178773104455 
 6501.698897517186 9286  8217 8102.62118499886 2771 7562 7280 8969 4426  2536.4462733764603 8906  30 
 9720 
 871.7589113967772   	   6184 3383   4423 3427.879966801277 4046 17  9385.523801980253 
 9143 6052 2297  
 8529.833069100061 7745     
 6961.627744424914 	 9445.65317811665   5503.78997605909 	 9135.127453866397 5727    
 6986  3170 2228   8249 	    
 5665 7063.386726019634 3139 	 4075.752793045866  2131.7263389654563 1346.9248057924776 6071.662400420356 9911 6346.82880325191 4137 8313 2026.3956693935481 38 6259.868073104069 
 
 3167 9315.187917183599  3568 1861.7726104686649 2737.1382919986686 9796 9446 549 	 1073.233651789285 7690.682946849122 3673 3358 4227 	 8620 2800.5128287675075 9478 	 5470 4809.487923484113 5934 4742.722647827435  2726.727812617632 7976.298537520128 7551.09387283429 7076.510478413184    2488 
    2059 8675.121351636517 9903.614322569412 4927 
 6165 3995   8960      442.6408073404109 3095.693184450479 8034.760938000632 5103 
 4054 4080.348031141865 5796.484487928247 4620 1518 2385.491391137693 2461 870.4107310459885  777.6630421852137 4659 6852 	 
 2909.1519640025554 2798.386362607004 2714.4390047471034 	 5113.741059060711 8296.229342396546 6607.375312615912 2490.6781345934337 3910 1972 4365 3636.903737727001 5878.58257851834 
 	 2729 
 4954 6351.863382895511 	 1386   
 8405 6576.721031212056    3533.1287048291883 4567.471259023175 	 4464 9809 	  4830   
 5850.917693836501 5562.8847945920725 3802 4303 2986.492968893629 3197 9223.504534025855   2425.4312642877717 1158.8385859000093 5721 5487.688973613861 
 2613.1604412978904  5681.073384299887   8765 
   
 9479   	 1198.5411096057176 5487.288680614012 8200.56591682675 156.20805919742574  730   2949.0611789096943 
 4745.639107750297 1454.0482708594627   7532   1884 
 7117.563092092747 9239.05188976571 9890 7015   8578   7542 8737.069980447191 6434   2463 2362.8386108288614 9205  6642 1397 4688.561576810564 5146.406363232469 2550 3288.408873361127 5808 8148 6546 3396.772159044533  
 
 	 5768.280074606749 7739.275245453153 2916 6189.204761770434 552 9427 4536.899277974089 5781.840498466603 9156.67161015498 308.28125658879156 	  8975 6411  9073 121 616.2011934391942 
 9602.482717713978  5412.618502915179 1783 
 2048.1675545994326  7167.954545693561 6356 3567.3457632824347 7515.478072091326 
 3262.390788346715 9051.922638365786 
      6715 529.1417307034862 8476.012852791388 4625.700440868806 2568.6090514554726 830 1030.1771197352193 	 6530 	 7240 	 4687.532275775704  7465.689298732379 5294.247288603784   7690.141098969423 9812.554388389986 8738.697982943779 992 6353 5216 8841.814758684095 1115  2376 1911 2554.71277070786 5092   6241 2394.923978320881 	 8354 	    4431  9494.030210150377 	 6124.018165175309 2051.230675239222 	 2887 
  4275.113300899135 	 	 4842 1778 	 8270 5714 
   8504   8014.9663667630775   9104  2201 5035.692368594345 8832 6800 8265 3495 3299.3114639540067 5212.44131167528 6424.371846439989 5106.156297837359 339.029892955085 	   7333.915720477308 3093.495038152347  6983 3318.8798215762063 7997.570967300719     	 1106 	 	 3957 
 429 3115  
 234.15860653316577 1261.1844255628357 2876.8407082952353 5935.105073153211 6722 2084 4603 	 9645 7900 8884.619380802522  3607.7596965220096 9061.560350423377 5326 7160.766420987397   3833.052252988206 	 8470.469257610503 8702.510754567762 3680.774444263304 286.7855233890637 481  	 9595   	 9422.65274877418 8571      8016.463735673709 2014.292304973756 6922 
 2259.2837712934443 2027 4157 9758.91769260441 2297.1377846149985 2309.20427613436 5133   8010  1833 681 5539 2152.5407241173743 3553 3753.882567396093   	 	 4139 105     8617.935536891087  1273.546198409048 	 9992 
 2735 	 	  4559.908378596156 
 
 2525.6512262228002 
   2875 6761 5589 8817.004039263882 	   546   803 1948.7401226210766 7590  4519 6782  4869.199435290542 9889   2523.102410632989   5650 	 1787  7791.579727067344 1640  350.33772471402045 3123 4478 8059.976931827785 	 4508.710746048444 6418.84333302991 7594.019981068443 3997 	  1178 	 9403.387980852865 8866 9321.673635822903 6954 5598  8275.311761292043   
 2647 	 2863 4320 4655 139 9299 4509 9310.529010738643 1924 2138 7806.276501286229 4719.868309309058  8901   1690.628027516693  4879.033253179284 322 5112.5169070689435 3031 6992.219769158911 
 4987 	 3816   1558 8102 
  2820.7325351000254 6416.999245447182 9583 6674.322976429386   4051.848410941139 6695 6462 3144 4882 
 9391.223501133727 
 
  6396 7201 9030 4878 
 7632  8198 4417  3518 9982.06682782198 3602.4168587946124   3263.827634646909  5088.772144499117 8279.408481356246 8367 3955.8341242780557 8100.651690304641  
 7823   1428.2040671373597 8550 9112.796317775692 8713.037030225762 	 	 1435.0518985036865 2305.9152434867437 
   
 946 4576 3938.939978102727 9878.802380613419 8235.926686584311 6644.659161404375 7233 2301.900423347467   2644 
  3049 8002 2053 2800 706.7220257433816 5320 3102.7025229060955 3902   
 4893 6782.525710625435 6773.024446462097 3745.731494096548 
 	 12 7412.5036250081 	   
 5935.46591288699 7581.967837817443 5502.337778800771 5588   3947.604671078996 1376.5141799634273 2024 7616.42668087668 
 9646.404562854359 9828 
 8613 2123 7295 4872 6041 6835 1780 8599.398243016183 93.00278473817426 1220.4334173323793 2108 523.6519580923326 7634.36406777866 6782.5510839015205 4505 652 4737 1999 6408 
 2097 1606 2109.348576266061 2218 	 
  2122   
 8571.042326532759 251.5535344331754 8539.88734268738  	 9025 9138.421181653957 5126 3243 3441 6994.805892994383 1127.3657110133795   830   	 	 5866 897 6431.601363750224 403 5495 5626.343000183508 9274 38 	 8301 9931 6970.6446758163 7129.229760290789 
 1726.3865426601865 2710.9146089265555  8400   9933 131.51272559783877 1173 1521.5671283862364  
 	 9482 3920.242017459081 976.3245922556696 1811 4773 3097 4547 	 3146 6841 3974 1614 	 799 2663 358 7490 8825.835000748366 718.1502626331215 
 8029 2190.612137952762 4959.346645221431 4439 5404 5091.022934899376     
 4559 5056.708157620095   7195.987017997566 9291 9516.785179906743 	 2129.9720161744963   	 3814.170485047338 8710 9511 7328 
 2879 9837 	 
   5904 390.6476113545132 7017.196940214664 4722 2830.8902693146356     745 5107.006105385877 7052 2180.637967037845 6850 
 5531 5351    2528   271.01986762211317 	 	 	 7890.907054057361 9471 	 1934 9232.96958833431 	 3419 5740 	 
 8899.022176161807 2806.5143870895936 	 813     178.61438871876746 3712 2602 5313 5238.334109403951 7702 7698.6567411090955 3427 7296.780765275789 6329.856004918512 8965.385782132835 4283 9712 
 2429  3329.4533990846485 4317    	 3825.1271803977593  8233.423044742623   4377.181165585833 6547.9014552032795  3192.958269056887  2868 3426 900.9012354023305  2319.0043572645645  2029 9977.53651874434 4318.351634271999 	 1485.018340241263 7634  7910 6350 3727.94229235242   298.2953290941659  
   	 5139.721338411555 
 4610.7870020540695 1792.0234671344172   4893.395166903133 4202 	 9544 	 1815.0107228398638 
 7812 2085.321650031027 8615.513226207355 4219 7255.026402865411 
   4889.211699789084  4551.22924070021 3945.9790593696607 3584 6131 5582.213816372989   9906 8931 3197 1461.6732067561188 8398 8399 1378 6073 343 5623.680154666185 
   	 1179.2229018739474   1085.434527252551 1065 6879   
 
 1705.9529973543397 4667.8700547296285 	 	 3653.943369743927 7340 7483.340032932289 7665 4256.522371874543     8445.59014714664 2956.444412425485 2284 	 2664.7293229632596 4696.655536126033 2159 4392.802296489209 	 7640   5216 201 
   
 2605.2288462745432 
 	 911 927.8897655189155 6458.777569645984 6377.554535640892  3985   
 	 4352 6788 7024.953132103583 9876 854.109965001536    3419.3951640937535 2614.35105064179   2377 5852 8513.834920848483  5655 2869 9405.085847988305 2326.8433996433855 9883 9351.970399088026 5450 7818 7302.343999521218  
 3786   203 7154.50795676052 8247.385692622534 	 	 21 5995 
 2471.6762679536664 3965 
 7289 7429.860367259673 9417 1509.2502497100247 4601 5188 7198.14386697409 8692.885135578952 8566 7548 3294 7097 6214.0260268650745 1040.4225901844477 4521 7636 6427 591.7037328736662   	     8371.790056900096  8435 504.1901474800192 2298   8242.913117571332 3199 
   1022  6609 5764.554461870864 	 176.10374335198742 4341.071125689998 8180 5922.408165964659 811 606 8293.486466709857 3139 	   3333.8654669587577 1148.2983907294908 3263.8678907260587 5275.023295941175  1434.4890498207064 6596.010194247645 5103.959297857654 4705 1409 9773.263290511717 8142.566879955464 8340.786374237136   
 
 	 2654 5075 6695 5186   3689   
 9872 7638.129333192901 6481  4776 9191 7782.546330238693 7413.086068999315 
 4309 9127.594365736242    
 
   7419.365005785488 8960 9062 3337.1389124096963 789 9450 8449 3201     
 9836.9552340533 2890.1634247149454    4461 6210.834987722969 9512 8954.138306505862     5171 	 1185.6582677878414 4099 	 	 7237  7160 1677 3676 7231  
 8689  80    9441 7807.578925161479 9417 	   4908.385108104673 5469 4359.540846463274  
 728 
 7890.48147304143 1519.7505627151909 2175.7176735952567    6662 4007 4153 5339 9416 607  
 
 2224 7989.271808501792 3186.238170452772 3028 	 4164.995573514554 9573.726828639721 4411 6814     9864 2918  6902.871894767738   2001.4389137650246 3297.038223930181 1471.0714443113582 495.2914095056282 5381.737303122514 9525  4404 5824  5849 3115 7821 6298.06830289317 7657  8114 3178 5648 1421.949495388184 4766   2420.3923435753427 
 7984 3234.236145984584 
 2297.0468668285494 5719.319459692842 9880.649511249827 4093.0979319297876 9069.710066137688 5447.3527249884155 31.98108287499779 7636 9663.923854493989 6874 9094.807103834539 9432 5116.391179709395 8616   7591.229056065394  9315 2590   4961.269289700009 6224.30930864972 
  5270.6894701643605  3601 5108 2841 2026 1816 6932.966248951367 6777   4680    1561 3957 5565 3997  1544 7454.356295996455 9107 
 	 9828 7759.810436097725 7436.3322175107905 
 904 2562  
 5405.803843576598 	 5788 7689.076724741128 1808.5397383085144 4082.5817815272235 4005.069830966512  5277 6806 8835 9126 4175 3398 9478.215231540358 2971   2464 7502    3420 6920.302585746863 5721 	 
 9454.120750253382 8756 1854 
 	 	 8657   7774.972366088751 5840.014666290133   4686.418625119189 6267.669587032741 3493.8650509588742 834 1485.83641053196 223.0249445272503 1975 	 293.62241349464193 9586 	 	 7502 7000 
 
 
 8390 1993 5208.608483709251 
 9125.355904822216 5791 9675.508437211074 
 1371.2327923005907 1447.029076004357 	 	 8120.14797996043   3629 3828 8776 5722 8086.683782681073 5683 
 7127 1245.4759759011224 2627   361.03926292000875 7520 8362 9073.33279954369 4360 1679  2453 
 1356.4903340540313 9437 4545 
 6102.4925401733435 8729  527.7918257107095 7423.474318595217 2050.7958497536947 5811 9584.835665850764 766 8538 	 
 7359.983194103995 
   5017 8804 2307.695479693047 2520 2692.396423600315   3604 4830 
 6.5324868484628595 9808.373183424284 
 6962 
 9202 9572.507853293791 5269 662 7325 9887.594874712262 
 
  158.85693986058325 5834 8109 
 7656.651063187762  882 1932.008819840092 
 8433.692942929794 8754 	   713 3765.6483098168947 8405  524.1615242750996 4281.121637264204 
 9817.723371633112   7454 
   4974 2983   4738 	 6573.645844844803 7759 2900 354    	 1550 9703 
 2544 4128.943096497343 9207.489532998903 4684 2165 7257.182311194139   
 1147.7474717833968 6046 6484 
 4952 4725.866817364924 4208 9676.507057301818 8079.145080060834 	  3707  2632 	  	 5565.256039935258 514 4718 279 2462 6635 1709.815540854075   4834 2104.002943182047 4347   7158.408827134045  8932 	 6212.298796484854 2044 
 2584.7029934749344 3956 5250.382940444423 4189 8573  	 539.462615196219   6401.661990244754 8291 906 
  652 4394 7368.576173848757  9943 822 2797.2013489263836 5720  30 1877 1568 6709 2214.23844076818 3469 4183 	 1738.7561000078833 	 2283 	 5409.553205746617 4813 	 
 8197.08910214419 370 9001 4500.183063367957 4088.7957153359976 9910.161288428915 	 9090 	 1477.3513274439754 2619 1913.0053480171905 8951 	 5516 67.19529362621546 3378.5382694803743 5020.378317345151  5250.584645430821 	 6500 1077 9457  
 247.5539350936995   2360 5472.904171556465 8913 
 8295.162168829758 7327 4728.369126837852 418.7985699071339   	 6750.524984895191 5583 	 3371.1913214643573 3094 	 4012 2389 
 1987.0977762900643 7803 6790 4337.9482760790415 
 7231  4415.269643591823 5524 8404 
    1261 7723.859359615384 3838.6904846908874   2316 6705.710338949052 8429 7857.590554033394 8524 5324 6024.360304229879 7808.519819396107 
 3094.2282463823867 8397.863229372462   1526.6277346215707 	 
 9304 5180.909726280793 
  9488.79787066516 7221.687281173701    4282 9846 7661.452595789427 9227 6749 4998 2854 
   6975 1590.8940368224212 5238.469389992353 8570 4342.300151559194 9304 2416    3843.3342247344826   8874.183964150438 9266 4539.420086948271 8121.523433302898 	 	 	 5275   9283    	 	 8334.101850575003 9165.486574756807 5149 9378 	   9258.58130747236 
    1010 
 2905.577839234155 8819   5268.4507618160305 1444 5168.818943348887 1204 2332.0352157908974   3694.4897675138045 9794 2191.4771448719484     4995 2246.577458177842 7086.13454120066 2630 
 1108 3538.8892394602867 6933  	  6202 
 
 3029 5189 6326   781.768763328049 7186.880004359655 
  2404 8387.003985941274 
 5823 
   
     2114 	 8662.958638070148 3443 	 4011.2279359206204   6663.437232526082  8898.653270289795 5986.889482568634 7402 	   6536.808428356894 5694 6862.600241042922 7565 7828.871243472617 9073   2624.3933621083106 1548 3919 	 
   2578 9906 846   6933.4997049812355 9954.98406667505 398.1184666883919 3703 3506.129526733116 2195.8939170980807   9409 4677 3531 	 3148 8474 4264 7385 4820   
   	 8975 1196  8882 1515 4773.222808675104 1554.0944483092323 709   8620 1118.6588125722296  41.493660133749 8402.831359733338 1324.343531303882  
 	 3385 
  8200  	 1569 5247  890.7699780832656 
 8727.631891118801 9560.251712310985 915.1826451123202 
 9243  7780.25791655756 6391.571474297944 9259.999973589778 9482 
 414.48804419373266 	 
 8118.152497314885 	 6008 6612 3889.7219474217814 
 9434.211071317482 1967 
 20.73537883828913 9785 5542 1698 4422 3709.052184938337 8402.449063440046 8280.868991140444 6750 7816.333719359763 2152.783729756118 8773 4936 7766.683929988235 8510.793648532544 4788.890633758623 67.96157016388693 4123 	 
 2576 7674.585718418574   	 5024.176976057399 4763 6399.140890410623 2974.848898800275 1306 
  2900  
 5325.2358119803985 	 8203.633283712388 3675.937105676985 3230.5204092534477 3592 677.5637459493345 	 6271.321090359296  2530   	 	   9977.024643510324 528 2408.3815790104914 4985   3429.086335694236 	 
 1514 	  6205.60295346839  4146.1392243923665 353.99692460718944 6399 4774.685918178062 453.5283661050826 8515.194350773865 3212 1415  8797.829227504486 
 4629.6320552143 7794.806124807967   7941 	 6265.318462808234 135 2257 5723 8137.254687444264 4932.093708477087 9389.79969697563 	 492.53646407530937 6590 1054 9540 6896 100.99128418724624 1919    1633.482051678873 1987 8199.674956430616 	 8775.150438565888 2841.777294821678 5601 4779 5304 2149.6519187117224  5903.069353662825 4894.347816237509 1148.1845357714394 7157 3751 1184 5104 
 7408.550067850577 6807.320100664863 2662 3218.405309642488 8148 
 6226 2385 5663 4762.141547893719 1703 962.895877849883 9706  8640.74460454387 2827.1021652099557 8211 347.97573781360614  8114.388884754356 	 2229 	 27 3192.0387275479757 
 2889 8594 6587.09532945216   8404   8737.518404628325 	 8254.855382304228 	 9389.933718704666 5701.068755941237 8449   1852  
 6505.55140103691 9866   3262.608358827255 8582 
 	  9729.959895798269 	 
 
 5441  3645 583 2469.4532277175094 1022.8020343172128 7325.568563342764     4243.601868526223 9005  112.3407776841212 94.21411884402487 	   6100.961545258864 8574 367.5666323349813 6957.566477080992 7337 7125.143424711856 2178.4405213495015 146.90610207429123 1750.435124775036 8240.01286869471 3030.072714891339  2445.0500734057246 9776.091369942478 7065 6116 
 	  2449.863222298071  8259 2576   9418 
 5511   7466   	 7324.000389285751 
 2347 
 
  878 9473 5229.739371230313 4234 	 98 1121.479073316407 5911.489774341854 	     2066.393004545376 5967.745365995979 2904.56327361984 8538 3161 7381 2630.3754661145663 2515.7377538245664 
 	 6157.556626291667  	 5062.551706192589 8722.870323431285 3031   5924.937682941099 1769 1525.6168999049512    677 7601