4127 4098
4127 3828
4098 1784
4098 3658
1784 9
1784 2723
9 3438
9 854
3438 1816
3438 4571
1816 889
1816 4226
889 1622
889 4311
1622 338
1622 1583
338 4619
338 2644
4619 1137
4619 1361
1137 3840
1137 2491
3840 2526
3840 529
2526 4117
2526 821
4117 2315
4117 1477
2315 991
2315 4584
991 4286
991 931
4286 3683
4286 4087
3683 3564
3683 3861
3564 3383
3564 4267
3383 155
3383 3978
155 2484
155 777
2484 1963
2484 2298
1963 596
1963 5000
596 416
596 2058
416 4135
416 3182
4135 298
4135 33
298 1893
298 552
1893 3826
1893 3723
3826 4416
3826 4297
4416 182
4416 2488
182 2434
182 2983
2434 4604
2434 721
4604 1495
4604 4182
1495 3814
1495 2858
3814 351
3814 1132
351 1591
351 2255
1591 4851
1591 180
4851 1282
4851 3876
1282 1533
1282 2123
1533 224
1533 1788
224 3068
224 148
3068 990
3068 4427
990 4115
990 1339
4115 3379
4115 54
3379 1540
3379 1
1540 3225
1540 3110
3225 4011
3225 4017
4011 1560
4011 2507
1560 172
1560 3190
172 2716
172 1053
2716 992
2716 1377
992 335
992 2699
335 3721
335 1309
3721 2807
3721 798
2807 3960
2807 1729
3960 4934
3960 908
4934 1704
4934 4654
1704 219
1704 3702
219 1172
219 270
1172 4366
1172 2748
4366 822
4366 2458
822 4155
822 2336
4155 1273
4155 4123
1273 4849
1273 1724
4849 4263
4849 1042
4263 4160
4263 263
4160 641
4160 4279
641 1899
641 487
1899 4205
1899 444
4205 4436
4205 1233
4436 1925
4436 83
1925 2523
1925 4048
2523 3715
2523 1060
3715 2031
3715 574
2031 348
2031 1951
348 831
348 1064
831 73
831 2399
73 2041
73 2284
2041 4985
2041 4428
4985 197
4985 2322
197 4212
197 2533
