4508 3465
4508 198
3465 3083
3465 3543
3083 4819
3083 2670
4819 4396
4819 2905
4396 1122
4396 3859
1122 408
1122 1475
408 4229
408 3276
4229 2552
4229 1438
2552 1937
2552 1433
1937 3366
1937 4860
3366 1492
3366 2228
1492 724
1492 3744
724 4498
724 2797
4498 4568
4498 2857
4568 710
4568 3928
710 4482
710 676
2797 1341
2797 3150
1341 4709
1341 1716
4709 20
4709 3271
20 3830
20 4504
3830 2872
3830 733
2872 3625
2872 1529
3625 4684
3625 1220
4684 1966
4684 307
1966 2354
1966 4587
3744 857
857 4915
857 1988
4915 2035
4915 125
2035 194
2035 1501
194 4842
194 2351
4842 2765
4842 3229
2765 2380
2765 2489
2380 2922
2380 3556
2922 2847
2922 3452
2847 2619
2847 2246
2905 3607
2905 1841
3607 4614
3607 4539
4614 4444
4614 764
4444 3777
4444 2405
3777 929
3777 4530
929 1144
929 1012
1144 819
1144 4429
819 3236
819 3794
3236 1030
3236 1238
2670 4787
4787 3140
4787 2955
3140 591
3140 2506
591 1726
591 645
1726 500
1726 4773
500 2184
500 3491
2184 2744
2184 4471
2744 4918
2744 3325
4918 2370
4918 2918
2370 129
2370 689
