4037 3982
4037 866
3982 2463
3982 597
2463 4848
2463 1432
4848 3795
4848 3174
3795 3364
3795 2623
3364 3418
3364 1840
3418 271
3418 700
271 3682
271 3494
3682 1234
3682 3158
1234 1389
1234 3075
1389 4439
1389 3026
4439 3460
4439 3619
3460 730
3460 1101
730 4315
730 4472
4315 479
4315 2758
479 484
479 1608
484 874
484 4290
874 784
874 3459
784 3519
784 4946
3519 3060
3519 218
3060 238
3060 2206
238 2261
238 850
2261 418
2261 607
418 2285
418 1857
2285 4567
2285 2771
4567 2889
4567 3339
2889 434
2889 3988
434 2642
434 1621
2642 2275
2642 1356
2275 3970
2275 1190
3970 4480
3970 4611
4480 3513
4480 91
3513 4215
3513 3356
4215 3628
4215 1887
3628 4632
3628 3594
4632 4052
4632 4081
4052 2291
4052 1971
2291 3530
2291 3947
3530 1553
3530 579
1553 4995
1553 4917
4995 4347
4995 2727
4347 2387
4347 101
2387 359
2387 1313
359 4615
359 3169
4615 4525
4615 1058
4525 691
4525 1627
691 4678
691 4235
4678 426
4678 1368
426 1310
426 3191
1310 1762
1310 82
1762 4118
1762 3024
4118 2262
4118 361
2262 3827
2262 4233
597 2678
2678 2662
2678 1764
2662 3131
2662 3572
3131 1964
3131 56
1964 2218
1964 1837
2218 1711
2218 4019
1711 1329
1711 4292
1329 3944
1329 2574
3944 692
3944 154
692 236
692 1138
236 1018
236 347
1018 1733
1018 295
1733 2920
1733 711
2920 776
2920 2089
776 3378
776 4763
3378 4714
3378 3180
4714 544
4714 2815
544 1594
544 1487
1594 1575
1594 127
1575 1718
1575 3094
1718 4823
1718 1983
4823 2806
4823 1883
2806 3994
2806 4919
3994 3590
3994 3769
3590 3956
3590 3615
3956 3292
3956 2376
3292 1806
3292 4935
1806 1245
1806 3712
1245 106
1245 564
106 2561
106 2819
2561 3951
2561 237
3951 4912
3951 128
4912 4745
4912 3500
4745 4760
4745 4858
4760 3484
4760 4208
3484 1537
3484 4177
1537 4978
1537 2686
4978 4863
4978 4813
4863 4022
4863 3971
4022 4581
4022 4219
4581 405
4581 2339
405 1140
405 1797
1140 3003
1140 2232
3003 2517
3003 3517
2517 326
2517 1082
326 4031
326 4099
4031 3741
4031 55
3741 22
3741 538
22 2952
22 4232
2952 3575
2952 1948
3575 1522
3575 1158
1522 58
1522 116
58 4391
58 792
1764 968
1764 227
968 2950
968 1121
2950 2196
2950 4640
2196 4486
2196 4007
4486 2869
4486 1504
2869 4806
2869 4251
4806 2605
4806 1852
2605 4790
2605 3074
4790 4634
4790 4686
