3542 1683
3542 341
1683 2830
1683 3391
2830 2960
2830 3145
3145 744
744 2989
744 2293
2989 290
2989 368
290 2972
290 1950
2972 2901
2972 239
2901 1336
2901 3178
1336 3286
1336 344
3286 50
3286 965
50 505
50 630
505 1693
505 2216
1693 2135
1693 4340
2135 152
2135 2536
152 3539
152 1160
3539 682
3539 2648
682 429
682 1404
429 1040
429 2003
1040 3700
1040 1044
3700 4795
3700 2698
4795 2557
4795 3903
2557 3051
2557 1749
3051 29
3051 3028
29 461
29 1305
461 3415
461 3922
3415 437
3415 2461
437 4158
437 3730
4158 976
4158 4189
976 1153
976 3997
1153 2687
1153 4126
2687 254
2687 4893
254 364
254 2498
364 1991
364 3034
1991 4798
1991 1250
4798 3047
4798 3789
3047 1747
3047 4501
1747 2891
1747 4755
2891 2134
2891 1649
2134 3304
2134 3334
3304 2754
3304 1249
2754 3037
2754 3809
3037 4959
3037 499
4959 3873
4959 4909
3873 4529
3873 190
4529 2843
4529 869
2843 1785
2843 2022
1785 3203
1785 3507
3203 4260
3203 3945
4260 1962
4260 1327
1962 2505
1962 614
2505 3206
2505 2622
3206 885
3206 1994
885 3143
885 580
3143 2256
3143 1861
2256 274
2256 1777
274 380
274 4770
380 995
380 3005
995 2733
995 1156
2733 3820
2733 4337
3820 3210
3820 3582
3210 525
3210 2591
525 2299
525 1191
2299 3899
2299 714
3899 1641
3899 1043
1641 386
1641 1223
386 3851
386 2626
3851 1973
3851 2673
1973 631
1973 4293
631 1397
631 4082
1397 2423
1397 2270
2423 3921
2423 4225
3921 985
3921 1659
985 1128
985 4151
1128 1706
1128 1229
1706 3941
1706 668
3941 940
3941 4812
940 2722
940 4905
2722 4820
2722 4600
4820 322
4820 1256
322 2714
322 2373
2714 3207
2714 4302
3207 1343
3207 2588
1343 2337
1343 211
2337 1660
2337 2010
1660 3349
1660 2173
3349 1888
3349 4413
1888 4180
1888 3419
4180 2446
4180 4757
2446 937
2446 4108
937 3377
937 543
3377 2091
3377 2685
2091 1467
2091 85
1467 1096
1467 2927
1096 4669
1096 2191
4669 3774
4669 2814
