1270 2956
1270 4127
2956 570
2956 4037
570 2997
570 3542
2997 4356
2997 3900
4356 772
4356 4508
772 1620
772 3098
1620 2794
1620 3445
2794 2778
2794 1916
2778 4384
2778 887
3445 3866
3445 4690
3866 4287
3866 4442
4287 1422
4287 281
1422 3336
1422 1650
1650 387
1650 493
281 757
281 2302
757 3318
757 1653
3318 98
3318 2903
98 2468
98 1602
2468 1435
2468 379
1435 796
1435 571
796 3095
796 2540
3095 1227
3095 3587
1227 2740
1227 13
2740 4677
2740 3369
4677 4933
4677 61
4933 2755
4933 2400
2755 404
2755 2652
404 789
404 3585
789 2277
789 2179
2277 1088
2277 1809
1088 4044
1088 3751
4044 435
4044 365
435 3815
435 3368
3815 4583
3815 546
4583 1125
4583 3896
1125 1314
1125 858
1314 847
1314 1730
847 337
847 1506
337 2085
337 1328
2085 2306
2085 926
2306 1997
2306 2282
1997 1863
1997 4171
1863 4957
1863 1874
4957 1092
4957 3981
1092 1414
1092 3527
1414 3316
1414 4371
3316 199
3316 4325
199 3785
199 3538
3785 4422
3785 4920
4422 1230
4422 2374
1230 12
1230 3043
12 1394
12 3457
1394 3070
1394 3168
3070 4023
3070 3059
4023 3930
4023 4803
3930 4068
3930 3136
4068 2863
4068 124
2863 783
2863 1531
783 2568
783 1430
2568 212
2568 369
212 4173
212 737
4173 541
4173 3427
541 2764
541 3927
2764 3691
2764 60
3691 2363
3691 28
3098 3032
3098 3118
3032 3441
3032 4730
4508 3465
4508 198
3465 3083
3465 3543
3083 4819
3083 2670
4819 4396
4819 2905
4396 1122
4396 3859
1122 408
1122 1475
408 4229
408 3276
4229 2552
4229 1438
2552 1937
2552 1433
1937 3366
1937 4860
3366 1492
3366 2228
1492 724
1492 3744
724 4498
724 2797
4498 4568
4498 2857
4568 710
4568 3928
710 4482
710 676
2797 1341
2797 3150
1341 4709
1341 1716
4709 20
4709 3271
20 3830
20 4504
3830 2872
3830 733
2872 3625
2872 1529
3625 4684
3625 1220
4684 1966
4684 307
1966 2354
1966 4587
3744 857
857 4915
857 1988
4915 2035
4915 125
2035 194
2035 1501
194 4842
194 2351
4842 2765
4842 3229
2765 2380
2765 2489
2380 2922
2380 3556
2922 2847
2922 3452
2847 2619
2847 2246
2905 3607
2905 1841
3607 4614
3607 4539
4614 4444
4614 764
4444 3777
4444 2405
3777 929
3777 4530
929 1144
929 1012
1144 819
1144 4429
819 3236
819 3794
3236 1030
3236 1238
2670 4787
4787 3140
4787 2955
3140 591
3140 2506
591 1726
591 645
1726 500
1726 4773
500 2184
500 3491
2184 2744
2184 4471
2744 4918
2744 3325
4918 2370
4918 2918
2370 129
2370 689
3900 2200
3900 2982
2200 3661
2200 164
3661 3417
3661 895
3417 2344
3417 1709
2344 2829
2344 4300
2829 3612
2829 3623
3612 3805
3612 1349
1709 3523
1709 3466
3523 4445
3523 3627
4445 4321
4445 3737
4321 4879
4321 1306
4879 662
4879 3731
662 2606
662 1802
2606 3312
2606 3811
3312 4341
3312 423
4341 747
4341 569
895 3934
3934 3882
3934 4931
3882 974
3882 2132
974 2469
974 72
2469 4380
2469 551
4380 3453
4380 1900
3453 2601
3453 2037
2601 2063
2601 625
2063 2925
2063 2638
2925 3283
2925 3259
3542 1683
3542 341
1683 2830
1683 3391
2830 2960
2830 3145
3145 744
744 2989
744 2293
2989 290
2989 368
290 2972
290 1950
2972 2901
2972 239
2901 1336
2901 3178
1336 3286
1336 344
3286 50
3286 965
50 505
50 630
505 1693
505 2216
1693 2135
1693 4340
2135 152
2135 2536
152 3539
152 1160
3539 682
3539 2648
682 429
682 1404
429 1040
429 2003
1040 3700
1040 1044
3700 4795
3700 2698
4795 2557
4795 3903
2557 3051
2557 1749
3051 29
3051 3028
29 461
29 1305
461 3415
461 3922
3415 437
3415 2461
437 4158
437 3730
4158 976
4158 4189
976 1153
976 3997
1153 2687
1153 4126
2687 254
2687 4893
254 364
254 2498
364 1991
364 3034
1991 4798
1991 1250
4798 3047
4798 3789
3047 1747
3047 4501
1747 2891
1747 4755
2891 2134
2891 1649
2134 3304
2134 3334
3304 2754
3304 1249
2754 3037
2754 3809
3037 4959
3037 499
4959 3873
4959 4909
3873 4529
3873 190
4529 2843
4529 869
2843 1785
2843 2022
1785 3203
1785 3507
3203 4260
3203 3945
4260 1962
4260 1327
1962 2505
1962 614
2505 3206
2505 2622
3206 885
3206 1994
885 3143
885 580
3143 2256
3143 1861
2256 274
2256 1777
274 380
274 4770
380 995
380 3005
995 2733
995 1156
2733 3820
2733 4337
3820 3210
3820 3582
3210 525
3210 2591
525 2299
525 1191
2299 3899
2299 714
3899 1641
3899 1043
1641 386
1641 1223
386 3851
386 2626
3851 1973
3851 2673
1973 631
1973 4293
631 1397
631 4082
1397 2423
1397 2270
2423 3921
2423 4225
3921 985
3921 1659
985 1128
985 4151
1128 1706
1128 1229
1706 3941
1706 668
3941 940
3941 4812
940 2722
940 4905
2722 4820
2722 4600
4820 322
4820 1256
322 2714
322 2373
2714 3207
2714 4302
3207 1343
3207 2588
1343 2337
1343 211
2337 1660
2337 2010
1660 3349
1660 2173
3349 1888
3349 4413
1888 4180
1888 3419
4180 2446
4180 4757
2446 937
2446 4108
937 3377
937 543
3377 2091
3377 2685
2091 1467
2091 85
1467 1096
1467 2927
1096 4669
1096 2191
4669 3774
4669 2814
4037 3982
4037 866
3982 2463
3982 597
2463 4848
2463 1432
4848 3795
4848 3174
3795 3364
3795 2623
3364 3418
3364 1840
3418 271
3418 700
271 3682
271 3494
3682 1234
3682 3158
1234 1389
1234 3075
1389 4439
1389 3026
4439 3460
4439 3619
3460 730
3460 1101
730 4315
730 4472
4315 479
4315 2758
479 484
479 1608
484 874
484 4290
874 784
874 3459
784 3519
784 4946
3519 3060
3519 218
3060 238
3060 2206
238 2261
238 850
2261 418
2261 607
418 2285
418 1857
2285 4567
2285 2771
4567 2889
4567 3339
2889 434
2889 3988
434 2642
434 1621
2642 2275
2642 1356
2275 3970
2275 1190
3970 4480
3970 4611
4480 3513
4480 91
3513 4215
3513 3356
4215 3628
4215 1887
3628 4632
3628 3594
4632 4052
4632 4081
4052 2291
4052 1971
2291 3530
2291 3947
3530 1553
3530 579
1553 4995
1553 4917
4995 4347
4995 2727
4347 2387
4347 101
2387 359
2387 1313
359 4615
359 3169
4615 4525
4615 1058
4525 691
4525 1627
691 4678
691 4235
4678 426
4678 1368
426 1310
426 3191
1310 1762
1310 82
1762 4118
1762 3024
4118 2262
4118 361
2262 3827
2262 4233
597 2678
2678 2662
2678 1764
2662 3131
2662 3572
3131 1964
3131 56
1964 2218
1964 1837
2218 1711
2218 4019
1711 1329
1711 4292
1329 3944
1329 2574
3944 692
3944 154
692 236
692 1138
236 1018
236 347
1018 1733
1018 295
1733 2920
1733 711
2920 776
2920 2089
776 3378
776 4763
3378 4714
3378 3180
4714 544
4714 2815
544 1594
544 1487
1594 1575
1594 127
1575 1718
1575 3094
1718 4823
1718 1983
4823 2806
4823 1883
2806 3994
2806 4919
3994 3590
3994 3769
3590 3956
3590 3615
3956 3292
3956 2376
3292 1806
3292 4935
1806 1245
1806 3712
1245 106
1245 564
106 2561
106 2819
2561 3951
2561 237
3951 4912
3951 128
4912 4745
4912 3500
4745 4760
4745 4858
4760 3484
4760 4208
3484 1537
3484 4177
1537 4978
1537 2686
4978 4863
4978 4813
4863 4022
4863 3971
4022 4581
4022 4219
4581 405
4581 2339
405 1140
405 1797
1140 3003
1140 2232
3003 2517
3003 3517
2517 326
2517 1082
326 4031
326 4099
4031 3741
4031 55
3741 22
3741 538
22 2952
22 4232
2952 3575
2952 1948
3575 1522
3575 1158
1522 58
1522 116
58 4391
58 792
1764 968
1764 227
968 2950
968 1121
2950 2196
2950 4640
2196 4486
2196 4007
4486 2869
4486 1504
2869 4806
2869 4251
4806 2605
4806 1852
2605 4790
2605 3074
4790 4634
4790 4686
4127 4098
4127 3828
4098 1784
4098 3658
1784 9
1784 2723
9 3438
9 854
3438 1816
3438 4571
1816 889
1816 4226
889 1622
889 4311
1622 338
1622 1583
338 4619
338 2644
4619 1137
4619 1361
1137 3840
1137 2491
3840 2526
3840 529
2526 4117
2526 821
4117 2315
4117 1477
2315 991
2315 4584
991 4286
991 931
4286 3683
4286 4087
3683 3564
3683 3861
3564 3383
3564 4267
3383 155
3383 3978
155 2484
155 777
2484 1963
2484 2298
1963 596
1963 5000
596 416
596 2058
416 4135
416 3182
4135 298
4135 33
298 1893
298 552
1893 3826
1893 3723
3826 4416
3826 4297
4416 182
4416 2488
182 2434
182 2983
2434 4604
2434 721
4604 1495
4604 4182
1495 3814
1495 2858
3814 351
3814 1132
351 1591
351 2255
1591 4851
1591 180
4851 1282
4851 3876
1282 1533
1282 2123
1533 224
1533 1788
224 3068
224 148
3068 990
3068 4427
990 4115
990 1339
4115 3379
4115 54
3379 1540
3379 1
1540 3225
1540 3110
3225 4011
3225 4017
4011 1560
4011 2507
1560 172
1560 3190
172 2716
172 1053
2716 992
2716 1377
992 335
992 2699
335 3721
335 1309
3721 2807
3721 798
2807 3960
2807 1729
3960 4934
3960 908
4934 1704
4934 4654
1704 219
1704 3702
219 1172
219 270
1172 4366
1172 2748
4366 822
4366 2458
822 4155
822 2336
4155 1273
4155 4123
1273 4849
1273 1724
4849 4263
4849 1042
4263 4160
4263 263
4160 641
4160 4279
641 1899
641 487
1899 4205
1899 444
4205 4436
4205 1233
4436 1925
4436 83
1925 2523
1925 4048
2523 3715
2523 1060
3715 2031
3715 574
2031 348
2031 1951
348 831
348 1064
831 73
831 2399
73 2041
73 2284
2041 4985
2041 4428
4985 197
4985 2322
197 4212
197 2533
